Date, Open, High, Low, Close
10/28/22, 3808.26, 3905.42, 3808.26, 3901.06
10/27/22, 3834.69, 3859.95, 3803.79, 3807.30
10/26/22, 3825.97, 3886.15, 3824.07, 3830.60
10/25/22, 3799.44, 3862.85, 3799.44, 3859.11
10/24/22, 3762.01, 3810.74, 3741.65, 3797.34
10/21/22, 3657.10, 3757.89, 3647.42, 3752.75
10/20/22, 3689.05, 3736.00, 3656.44, 3665.78
10/19/22, 3703.11, 3728.58, 3666.51, 3695.16
10/18/22, 3746.26, 3762.79, 3686.53, 3719.98
10/17/22, 3677.95, 3689.73, 3677.95, 3677.95
10/14/22, 3690.41, 3712.00, 3579.68, 3583.07
10/13/22, 3520.37, 3685.41, 3491.58, 3669.91
10/12/22, 3590.83, 3608.34, 3573.86, 3577.03
10/11/22, 3595.86, 3640.66, 3568.45, 3588.84
10/10/22, 3647.51, 3652.17, 3588.10, 3612.39
10/07/22, 3706.74, 3706.74, 3620.73, 3639.66
10/06/22, 3771.97, 3797.93, 3739.22, 3744.52
10/05/22, 3753.25, 3806.91, 3722.66, 3783.28
10/04/22, 3726.46, 3791.92, 3726.46, 3790.93
10/03/22, 3609.78, 3698.35, 3604.93, 3678.43
09/30/22, 3633.48, 3671.44, 3584.13, 3585.62
09/29/22, 3687.01, 3687.01, 3610.40, 3640.47
09/28/22, 3651.94, 3736.74, 3640.61, 3719.04
09/27/22, 3686.44, 3717.53, 3623.29, 3647.29
09/26/22, 3682.72, 3715.67, 3644.76, 3655.04
09/23/22, 3727.14, 3727.14, 3647.47, 3693.23
09/22/22, 3782.36, 3790.90, 3749.45, 3757.99
09/21/22, 3871.40, 3907.07, 3789.49, 3789.93
09/20/22, 3875.23, 3876.01, 3827.54, 3855.93
09/19/22, 3849.91, 3900.45, 3838.50, 3899.89
09/16/22, 3880.95, 3880.95, 3837.08, 3873.33
09/15/22, 3932.41, 3959.14, 3888.28, 3901.35
09/14/22, 3940.73, 3961.94, 3912.18, 3946.01
09/13/22, 4037.12, 4037.12, 3921.28, 3932.69
09/12/22, 4083.67, 4119.28, 4083.67, 4110.41
09/09/22, 4022.94, 4076.81, 4022.94, 4067.36
09/08/22, 3959.94, 4010.50, 3944.81, 4006.18
09/07/22, 3909.43, 3987.89, 3906.03, 3979.87
09/06/22, 3930.89, 3942.55, 3886.75, 3908.19
09/02/22, 3996.39, 4018.43, 3906.21, 3924.26
09/01/22, 3936.73, 3970.23, 3903.65, 3966.85
08/31/22, 4000.67, 4015.37, 3954.53, 3955.00
08/30/22, 4041.25, 4044.98, 3965.21, 3986.16
08/29/22, 4034.58, 4062.99, 4017.42, 4030.61
08/26/22, 4198.74, 4203.04, 4057.66, 4057.66
08/25/22, 4153.26, 4200.54, 4147.59, 4199.12
08/24/22, 4126.55, 4156.56, 4119.97, 4140.77
08/23/22, 4133.09, 4159.77, 4124.03, 4128.73
08/22/22, 4195.08, 4195.08, 4129.86, 4137.99
08/19/22, 4266.31, 4266.31, 4218.70, 4228.48
08/18/22, 4273.13, 4292.53, 4261.98, 4283.74
08/17/22, 4280.40, 4302.18, 4253.08, 4274.04
08/16/22, 4290.46, 4325.28, 4277.77, 4305.20
08/15/22, 4269.37, 4301.79, 4256.90, 4297.14
08/12/22, 4225.02, 4280.47, 4219.78, 4280.15
08/11/22, 4227.40, 4257.91, 4201.41, 4207.27
08/10/22, 4181.02, 4211.03, 4177.26, 4210.24
08/09/22, 4133.11, 4137.30, 4112.09, 4122.47
08/08/22, 4155.93, 4186.62, 4128.97, 4140.06
08/05/22, 4115.87, 4151.58, 4107.31, 4145.19
08/04/22, 4154.85, 4161.29, 4135.42, 4151.94
08/03/22, 4107.96, 4167.66, 4107.96, 4155.17
08/02/22, 4104.21, 4140.47, 4079.81, 4091.19
08/01/22, 4112.38, 4144.95, 4096.02, 4118.63
07/29/22, 4087.33, 4140.15, 4079.22, 4130.29
07/28/22, 4026.13, 4078.95, 3992.97, 4072.43
07/27/22, 3951.43, 4039.56, 3951.43, 4023.61
07/26/22, 3953.22, 3953.22, 3910.74, 3921.05
07/25/22, 3965.72, 3975.30, 3943.46, 3966.84
07/22/22, 3998.43, 4012.44, 3938.86, 3961.63
07/21/22, 3955.47, 3999.29, 3927.64, 3998.95
07/20/22, 3935.32, 3974.13, 3922.03, 3959.90
07/19/22, 3860.73, 3939.81, 3860.73, 3936.69
07/18/22, 3883.79, 3902.44, 3818.63, 3830.85
07/15/22, 3818.00, 3863.62, 3817.18, 3863.16
07/14/22, 3763.99, 3796.41, 3721.56, 3790.38
07/13/22, 3779.67, 3829.44, 3759.07, 3801.78
07/12/22, 3851.95, 3873.41, 3802.36, 3818.80
07/11/22, 3880.94, 3880.94, 3847.22, 3854.43
07/08/22, 3888.26, 3918.50, 3869.34, 3899.38
07/07/22, 3858.85, 3910.63, 3858.85, 3902.62
07/06/22, 3831.98, 3870.91, 3809.37, 3845.08
07/05/22, 3792.61, 3832.19, 3742.06, 3831.39
07/01/22, 3781.08, 3829.82, 3752.10, 3825.33
06/30/22, 3785.99, 3818.99, 3738.67, 3785.38
06/29/22, 3825.09, 3836.50, 3799.02, 3818.83
06/28/22, 3913.00, 3945.86, 3820.14, 3821.55
06/27/22, 3920.76, 3927.72, 3889.66, 3900.11
06/24/22, 3821.75, 3913.65, 3821.75, 3911.74
06/23/22, 3774.71, 3802.58, 3743.52, 3795.73
06/22/22, 3733.89, 3801.79, 3717.69, 3759.89
06/21/22, 3715.31, 3779.65, 3715.31, 3764.79
06/17/22, 3665.90, 3707.71, 3636.87, 3674.84
06/16/22, 3728.18, 3728.18, 3639.77, 3666.77
06/15/22, 3764.05, 3837.56, 3722.30, 3789.99
06/14/22, 3763.52, 3778.18, 3705.68, 3735.48
06/13/22, 3838.15, 3838.15, 3734.30, 3749.63
06/10/22, 3974.39, 3974.39, 3900.16, 3900.86
06/09/22, 4101.65, 4119.10, 4017.17, 4017.82
06/08/22, 4147.12, 4160.14, 4107.20, 4115.77
06/07/22, 4096.47, 4164.86, 4080.19, 4160.68
06/06/22, 4134.72, 4168.78, 4109.18, 4121.43
06/03/22, 4137.57, 4142.67, 4098.67, 4108.54
06/02/22, 4095.41, 4177.51, 4074.37, 4176.82
06/01/22, 4149.78, 4166.54, 4073.85, 4101.23
05/31/22, 4151.09, 4168.34, 4104.88, 4132.15
05/27/22, 4077.25, 4158.49, 4077.43, 4158.24
05/26/22, 3984.60, 4075.14, 3984.60, 4057.84
05/25/22, 3929.59, 3999.33, 3925.03, 3978.73
05/24/22, 3942.94, 3955.68, 3875.13, 3941.48
05/23/22, 3919.42, 3981.88, 3909.04, 3973.75
05/20/22, 3927.76, 3943.42, 3810.32, 3901.36
05/19/22, 3899.00, 3945.96, 3876.58, 3900.79
05/18/22, 4051.98, 4051.98, 3911.91, 3923.68
05/17/22, 4052.00, 4090.72, 4033.93, 4088.85
05/16/22, 4013.02, 4046.46, 3983.99, 4008.01
05/13/22, 3963.90, 4038.88, 3963.90, 4023.89
05/12/22, 3903.95, 3964.80, 3858.87, 3930.08
05/11/22, 3990.08, 4049.09, 3928.82, 3935.18
05/10/22, 4035.18, 4068.82, 3958.17, 4001.05
05/09/22, 4081.27, 4081.27, 3975.48, 3991.24
05/06/22, 4128.17, 4157.69, 4067.91, 4123.34
05/05/22, 4270.43, 4270.43, 4106.01, 4146.87
05/04/22, 4181.18, 4307.66, 4148.91, 4300.17
05/03/22, 4159.78, 4200.10, 4147.08, 4175.48
05/02/22, 4130.61, 4169.81, 4062.51, 4155.38
04/29/22, 4253.75, 4269.68, 4124.28, 4131.93
04/28/22, 4222.58, 4308.45, 4188.63, 4287.50
04/27/22, 4186.52, 4240.71, 4162.90, 4183.96
04/26/22, 4278.14, 4278.14, 4175.04, 4175.20
04/25/22, 4255.34, 4299.02, 4200.82, 4296.12
04/22/22, 4385.83, 4385.83, 4267.62, 4271.78
04/21/22, 4489.17, 4512.94, 4384.47, 4393.66
04/20/22, 4472.26, 4488.29, 4448.76, 4459.45
04/19/22, 4390.63, 4471.03, 4390.63, 4462.21
04/18/22, 4385.63, 4410.31, 4370.30, 4391.69
04/14/22, 4449.12, 4460.46, 4390.77, 4392.59
04/13/22, 4394.30, 4453.92, 4392.70, 4446.59
04/12/22, 4437.59, 4471.00, 4381.34, 4397.45
04/11/22, 4462.64, 4464.35, 4408.38, 4412.53
04/08/22, 4494.15, 4520.41, 4474.60, 4488.28
04/07/22, 4474.65, 4521.16, 4450.30, 4500.21
04/06/22, 4494.17, 4503.94, 4450.04, 4481.15
04/05/22, 4572.45, 4593.45, 4514.17, 4525.12
04/04/22, 4547.97, 4583.50, 4539.21, 4582.64
04/01/22, 4540.32, 4548.70, 4507.57, 4545.86
03/31/22, 4599.02, 4603.07, 4530.41, 4530.41
03/30/22, 4624.20, 4627.77, 4581.32, 4602.45
03/29/22, 4602.86, 4637.30, 4589.66, 4631.60
03/28/22, 4541.09, 4575.65, 4517.69, 4575.52
03/25/22, 4522.91, 4546.03, 4501.07, 4543.06
03/24/22, 4469.98, 4520.58, 4465.17, 4520.16
03/23/22, 4493.10, 4501.07, 4455.81, 4456.24
03/22/22, 4469.10, 4522.00, 4469.10, 4511.61
03/21/22, 4462.40, 4481.75, 4424.30, 4461.18
03/18/22, 4407.34, 4465.40, 4390.57, 4463.12
03/17/22, 4345.11, 4412.67, 4335.65, 4411.67
03/16/22, 4288.14, 4358.90, 4251.99, 4357.86
03/15/22, 4188.82, 4271.05, 4187.90, 4262.45
03/14/22, 4202.75, 4247.57, 4161.72, 4173.11
03/11/22, 4279.50, 4291.01, 4200.49, 4204.31
03/10/22, 4252.55, 4268.28, 4209.80, 4259.52
03/09/22, 4223.10, 4299.40, 4223.10, 4277.88
03/08/22, 4202.66, 4276.94, 4157.87, 4170.70
03/07/22, 4327.01, 4327.01, 4199.85, 4201.09
03/04/22, 4342.12, 4342.12, 4284.98, 4328.87
03/03/22, 4401.31, 4416.78, 4345.56, 4363.49
03/02/22, 4322.56, 4401.48, 4322.56, 4386.54
03/01/22, 4363.14, 4378.45, 4279.54, 4306.26
02/28/22, 4354.17, 4388.84, 4315.12, 4373.94
02/25/22, 4298.38, 4385.34, 4286.83, 4384.65
02/24/22, 4155.77, 4294.73, 4114.65, 4288.70
02/23/22, 4324.93, 4341.51, 4221.51, 4225.50
02/22/22, 4332.74, 4362.12, 4267.11, 4304.76
02/18/22, 4384.57, 4394.60, 4327.22, 4348.87
02/17/22, 4456.06, 4456.06, 4373.81, 4380.26
02/16/22, 4455.75, 4489.55, 4429.68, 4475.01
02/15/22, 4429.28, 4472.77, 4429.28, 4471.07
02/14/22, 4412.61, 4426.22, 4364.84, 4401.67
02/11/22, 4506.27, 4526.33, 4401.41, 4418.64
02/10/22, 4553.24, 4588.92, 4484.31, 4504.08
02/09/22, 4547.00, 4590.03, 4547.00, 4587.18
02/08/22, 4480.02, 4531.32, 4465.40, 4521.54
02/07/22, 4505.75, 4521.86, 4471.47, 4483.87
02/04/22, 4482.79, 4539.66, 4451.50, 4500.53
02/03/22, 4535.41, 4542.88, 4470.39, 4477.44
02/02/22, 4566.39, 4595.31, 4544.32, 4589.38
02/01/22, 4519.57, 4550.49, 4483.53, 4546.54
01/31/22, 4431.79, 4516.89, 4414.02, 4515.55
01/28/22, 4336.19, 4432.72, 4292.46, 4431.85
01/27/22, 4380.58, 4428.74, 4309.50, 4326.51
01/26/22, 4408.43, 4453.23, 4304.80, 4349.93
01/25/22, 4366.64, 4411.01, 4287.11, 4356.45
01/24/22, 4356.32, 4417.35, 4222.62, 4410.13
01/21/22, 4471.38, 4494.52, 4395.34, 4397.94
01/20/22, 4547.35, 4602.11, 4477.95, 4482.73
01/19/22, 4588.03, 4611.55, 4530.20, 4532.76
01/18/22, 4632.24, 4632.24, 4568.70, 4577.11
01/14/22, 4637.99, 4665.13, 4614.75, 4662.85
01/13/22, 4733.56, 4744.13, 4650.29, 4659.03
01/12/22, 4728.59, 4748.83, 4706.71, 4726.35
01/11/22, 4669.14, 4714.13, 4638.27, 4713.07
01/10/22, 4655.34, 4673.02, 4582.24, 4670.29
01/07/22, 4697.66, 4707.95, 4662.74, 4677.03
01/06/22, 4693.39, 4725.01, 4671.26, 4696.05
01/05/22, 4787.99, 4797.70, 4699.44, 4700.58
01/04/22, 4804.51, 4818.62, 4774.27, 4793.54
01/03/22, 4778.14, 4796.64, 4758.17, 4796.56
12/31/21, 4775.21, 4786.83, 4765.75, 4766.18
12/30/21, 4794.23, 4808.93, 4775.33, 4778.73
12/29/21, 4788.64, 4804.06, 4778.08, 4793.06
12/28/21, 4795.49, 4807.02, 4780.04, 4786.35
12/27/21, 4733.99, 4791.49, 4733.99, 4791.19
12/23/21, 4703.96, 4740.74, 4703.96, 4725.79
12/22/21, 4650.36, 4697.67, 4645.53, 4696.56
12/21/21, 4594.96, 4651.14, 4583.16, 4649.23
12/20/21, 4587.90, 4587.90, 4531.10, 4568.02
12/17/21, 4652.50, 4666.70, 4600.22, 4620.64
12/16/21, 4719.13, 4731.99, 4651.89, 4668.67
12/15/21, 4636.46, 4712.60, 4611.22, 4709.85
12/14/21, 4642.99, 4660.47, 4606.52, 4634.09
12/13/21, 4710.30, 4710.30, 4667.60, 4668.97
12/10/21, 4687.64, 4713.57, 4670.24, 4712.02
12/09/21, 4691.00, 4695.26, 4665.98, 4667.45
12/08/21, 4690.86, 4705.06, 4674.52, 4701.21
12/07/21, 4631.97, 4694.04, 4631.97, 4686.75
12/06/21, 4548.37, 4612.60, 4540.51, 4591.67
12/03/21, 4589.49, 4608.03, 4495.12, 4538.43
12/02/21, 4504.73, 4595.46, 4504.73, 4577.10
12/01/21, 4602.82, 4652.94, 4510.27, 4513.04
11/30/21, 4640.25, 4646.02, 4560.00, 4567.00
11/29/21, 4628.75, 4672.95, 4625.26, 4655.27
11/26/21, 4664.63, 4664.63, 4585.43, 4594.62
11/24/21, 4675.78, 4702.87, 4659.89, 4701.46
11/23/21, 4678.48, 4699.39, 4652.66, 4690.70
11/22/21, 4712.00, 4743.83, 4682.17, 4682.94
11/19/21, 4708.44, 4717.75, 4694.22, 4697.96
11/18/21, 4700.72, 4708.80, 4672.78, 4704.54
11/17/21, 4701.50, 4701.50, 4684.41, 4688.67
11/16/21, 4679.42, 4714.95, 4679.42, 4700.90
11/15/21, 4689.30, 4697.42, 4672.86, 4682.80
11/12/21, 4655.24, 4688.47, 4650.77, 4682.85
11/11/21, 4659.39, 4664.55, 4648.31, 4649.27
11/10/21, 4670.26, 4684.85, 4630.86, 4646.71
11/09/21, 4707.25, 4708.53, 4670.87, 4685.25
11/08/21, 4701.48, 4714.92, 4694.39, 4701.70
11/05/21, 4699.26, 4718.50, 4681.32, 4697.53
11/04/21, 4662.93, 4683.00, 4662.59, 4680.06
11/03/21, 4630.65, 4663.46, 4621.19, 4660.57
11/02/21, 4613.34, 4635.15, 4613.34, 4630.65
11/01/21, 4610.62, 4620.34, 4595.06, 4613.67
10/29/21, 4572.87, 4608.08, 4567.59, 4605.38
10/28/21, 4562.84, 4597.55, 4562.84, 4596.42
10/27/21, 4580.22, 4584.57, 4551.66, 4551.68
10/26/21, 4578.69, 4598.53, 4569.17, 4574.79
10/25/21, 4553.69, 4572.62, 4537.36, 4566.48
10/22/21, 4546.12, 4559.67, 4524.00, 4544.90
10/21/21, 4532.24, 4551.44, 4526.89, 4549.78
10/20/21, 4524.42, 4540.87, 4524.40, 4536.19
10/19/21, 4497.34, 4520.40, 4496.41, 4519.63
10/18/21, 4463.72, 4488.75, 4447.47, 4486.46
10/15/21, 4447.69, 4475.82, 4447.69, 4471.37
10/14/21, 4386.75, 4439.73, 4386.75, 4438.26
10/13/21, 4358.01, 4372.87, 4329.92, 4363.80
10/12/21, 4368.31, 4374.89, 4342.09, 4350.65
10/11/21, 4385.44, 4415.88, 4360.59, 4361.19
10/08/21, 4406.51, 4412.02, 4386.22, 4391.34
10/07/21, 4383.73, 4429.97, 4383.73, 4399.76
10/06/21, 4319.57, 4365.57, 4290.49, 4363.55
10/05/21, 4309.87, 4369.23, 4309.87, 4345.72
10/04/21, 4348.84, 4355.51, 4278.94, 4300.46
10/01/21, 4317.16, 4375.19, 4288.52, 4357.04
09/30/21, 4370.67, 4382.55, 4306.24, 4307.54
09/29/21, 4362.41, 4385.57, 4355.08, 4359.46
09/28/21, 4419.54, 4419.54, 4346.33, 4352.63
09/27/21, 4442.12, 4457.30, 4436.19, 4443.11
09/24/21, 4438.04, 4463.12, 4430.27, 4455.48
09/23/21, 4406.75, 4465.40, 4406.75, 4448.98
09/22/21, 4367.43, 4416.75, 4367.43, 4395.64
09/21/21, 4374.45, 4394.87, 4347.96, 4354.19
09/20/21, 4402.95, 4402.95, 4305.91, 4357.73
09/17/21, 4469.74, 4471.52, 4427.76, 4432.99
09/16/21, 4477.09, 4485.87, 4443.80, 4473.75
09/15/21, 4447.49, 4486.87, 4438.37, 4480.70
09/14/21, 4479.33, 4485.68, 4435.46, 4443.05
09/13/21, 4474.81, 4492.99, 4445.70, 4468.73
09/10/21, 4506.92, 4520.47, 4457.66, 4458.58
09/09/21, 4513.02, 4529.90, 4492.07, 4493.28
09/08/21, 4518.09, 4521.79, 4493.95, 4514.07
09/07/21, 4535.38, 4535.38, 4513.00, 4520.03
09/03/21, 4532.42, 4541.45, 4521.30, 4535.43
09/02/21, 4534.48, 4545.85, 4524.66, 4536.95
09/01/21, 4528.80, 4537.11, 4522.02, 4524.09
08/31/21, 4529.75, 4531.39, 4515.80, 4522.68
08/30/21, 4513.76, 4537.36, 4513.76, 4528.79
08/27/21, 4474.10, 4513.33, 4474.10, 4509.37
08/26/21, 4493.75, 4495.90, 4468.99, 4470.00
08/25/21, 4490.45, 4501.71, 4485.66, 4496.19
08/24/21, 4484.40, 4492.81, 4482.28, 4486.23
08/23/21, 4450.29, 4489.88, 4450.29, 4479.53
08/20/21, 4410.56, 4444.35, 4406.80, 4441.67
08/19/21, 4382.44, 4418.61, 4367.73, 4405.80
08/18/21, 4440.94, 4454.32, 4397.59, 4400.27
08/17/21, 4462.12, 4462.12, 4417.83, 4448.08
08/16/21, 4461.65, 4480.26, 4437.66, 4479.71
08/13/21, 4464.84, 4468.37, 4460.82, 4468.00
08/12/21, 4446.08, 4461.77, 4435.96, 4460.83
08/11/21, 4442.18, 4449.44, 4436.42, 4447.70
08/10/21, 4435.79, 4445.21, 4430.03, 4436.75
08/09/21, 4437.77, 4439.39, 4424.74, 4432.35
08/06/21, 4429.07, 4440.82, 4429.07, 4436.52
08/05/21, 4408.86, 4429.76, 4408.86, 4429.10
08/04/21, 4415.95, 4416.17, 4400.23, 4402.66
08/03/21, 4392.74, 4423.79, 4373.00, 4423.15
08/02/21, 4406.86, 4422.18, 4384.81, 4387.16
07/30/21, 4395.12, 4412.25, 4389.65, 4395.26
07/29/21, 4403.59, 4429.97, 4403.59, 4419.15
07/28/21, 4402.95, 4415.47, 4387.01, 4400.64
07/27/21, 4416.38, 4416.38, 4372.51, 4401.46
07/26/21, 4409.58, 4422.73, 4405.45, 4422.30
07/23/21, 4381.20, 4415.18, 4381.20, 4411.79
07/22/21, 4361.27, 4369.87, 4350.06, 4367.48
07/21/21, 4331.13, 4359.70, 4331.13, 4358.69
07/20/21, 4265.11, 4336.84, 4262.05, 4323.06
07/19/21, 4296.40, 4296.40, 4233.13, 4258.49
07/16/21, 4367.43, 4375.09, 4322.53, 4327.16
07/15/21, 4369.02, 4369.02, 4340.70, 4360.03
07/14/21, 4380.11, 4393.68, 4362.36, 4374.30
07/13/21, 4381.07, 4392.37, 4366.92, 4369.21
07/12/21, 4372.41, 4386.68, 4364.03, 4384.63
07/09/21, 4329.38, 4371.60, 4329.38, 4369.55
07/08/21, 4321.07, 4330.88, 4289.37, 4320.82
07/07/21, 4351.01, 4361.88, 4329.79, 4358.13
07/06/21, 4356.46, 4356.46, 4314.37, 4343.54
07/02/21, 4326.60, 4355.43, 4326.60, 4352.34
07/01/21, 4300.73, 4320.66, 4300.73, 4319.94
06/30/21, 4290.65, 4302.43, 4287.96, 4297.50
06/29/21, 4293.21, 4300.52, 4287.04, 4291.80
06/28/21, 4284.90, 4292.14, 4274.67, 4290.61
06/25/21, 4274.45, 4286.12, 4271.16, 4280.70
06/24/21, 4256.97, 4271.28, 4256.97, 4266.49
06/23/21, 4249.27, 4256.60, 4241.43, 4241.84
06/22/21, 4224.61, 4255.84, 4217.27, 4246.44
06/21/21, 4173.40, 4226.24, 4173.40, 4224.79
06/18/21, 4204.78, 4204.78, 4164.40, 4166.45
06/17/21, 4220.37, 4232.29, 4196.05, 4221.86
06/16/21, 4248.87, 4251.89, 4202.45, 4223.70
06/15/21, 4255.28, 4257.16, 4238.35, 4246.59
06/14/21, 4248.31, 4255.59, 4234.07, 4255.15
06/11/21, 4242.90, 4248.38, 4232.25, 4247.44
06/10/21, 4228.56, 4249.74, 4220.34, 4239.18
06/09/21, 4232.99, 4237.09, 4218.74, 4219.55
06/08/21, 4233.81, 4236.74, 4208.41, 4227.26
06/07/21, 4229.34, 4232.34, 4215.66, 4226.52
06/04/21, 4206.05, 4233.45, 4206.05, 4229.89
06/03/21, 4191.43, 4204.39, 4167.93, 4192.85
06/02/21, 4206.82, 4217.37, 4198.27, 4208.12
06/01/21, 4216.52, 4234.12, 4197.59, 4202.04
05/28/21, 4210.77, 4218.36, 4203.57, 4204.11
05/27/21, 4201.94, 4213.38, 4197.78, 4200.88
05/26/21, 4191.59, 4202.61, 4184.11, 4195.99
05/25/21, 4205.94, 4213.42, 4182.52, 4188.13
05/24/21, 4170.16, 4209.52, 4170.16, 4197.05
05/21/21, 4168.61, 4188.72, 4151.72, 4155.86
05/20/21, 4121.97, 4172.80, 4121.97, 4159.12
05/19/21, 4098.45, 4116.93, 4061.41, 4115.68
05/18/21, 4165.94, 4169.15, 4125.99, 4127.83
05/17/21, 4169.92, 4171.92, 4142.69, 4163.29
05/14/21, 4129.58, 4183.13, 4129.58, 4173.85
05/13/21, 4074.99, 4131.58, 4074.99, 4112.50
05/12/21, 4130.55, 4134.73, 4056.88, 4063.04
05/11/21, 4150.34, 4162.04, 4111.53, 4152.10
05/10/21, 4228.29, 4236.39, 4188.13, 4188.43
05/07/21, 4210.34, 4238.04, 4201.64, 4232.60
05/06/21, 4169.14, 4202.70, 4147.33, 4201.62
05/05/21, 4177.06, 4187.72, 4160.94, 4167.59
05/04/21, 4179.04, 4179.04, 4128.59, 4164.66
05/03/21, 4191.98, 4209.39, 4188.03, 4192.66
04/30/21, 4198.10, 4198.10, 4174.85, 4181.17
04/29/21, 4206.14, 4218.78, 4176.81, 4211.47
04/28/21, 4185.14, 4201.53, 4181.78, 4183.18
04/27/21, 4188.25, 4193.35, 4176.22, 4186.72
04/26/21, 4185.03, 4194.19, 4182.36, 4187.62
04/23/21, 4138.78, 4194.17, 4138.78, 4180.17
04/22/21, 4170.46, 4179.57, 4123.69, 4134.98
04/21/21, 4128.42, 4175.02, 4126.35, 4173.42
04/20/21, 4159.18, 4159.18, 4118.38, 4134.94
04/19/21, 4179.80, 4180.81, 4150.47, 4163.26
04/16/21, 4174.14, 4191.31, 4170.75, 4185.47
04/15/21, 4139.76, 4173.49, 4139.76, 4170.42
04/14/21, 4141.58, 4151.69, 4120.87, 4124.66
04/13/21, 4130.10, 4148.00, 4124.43, 4141.59
04/12/21, 4124.71, 4131.76, 4114.82, 4127.99
04/09/21, 4096.11, 4129.48, 4095.51, 4128.80
04/08/21, 4089.95, 4098.19, 4082.54, 4097.17
04/07/21, 4074.29, 4083.13, 4068.31, 4079.95
04/06/21, 4075.57, 4086.23, 4068.14, 4073.94
04/05/21, 4034.44, 4083.42, 4034.44, 4077.91
04/01/21, 3992.78, 4020.63, 3992.78, 4019.87
03/31/21, 3967.25, 3994.41, 3966.98, 3972.89
03/30/21, 3963.34, 3968.01, 3944.35, 3958.55
03/29/21, 3969.31, 3981.83, 3943.25, 3971.09
03/26/21, 3917.12, 3978.19, 3917.12, 3974.54
03/25/21, 3879.34, 3919.54, 3853.50, 3909.52
03/24/21, 3919.93, 3942.08, 3889.07, 3889.14
03/23/21, 3937.60, 3949.13, 3901.57, 3910.52
03/22/21, 3916.48, 3955.31, 3914.16, 3940.59
03/19/21, 3913.14, 3930.12, 3886.75, 3913.10
03/18/21, 3953.50, 3969.62, 3910.86, 3915.46
03/17/21, 3949.57, 3983.87, 3935.74, 3974.12
03/16/21, 3973.59, 3981.04, 3953.44, 3962.71
03/15/21, 3942.96, 3970.08, 3923.54, 3968.94
03/12/21, 3924.52, 3944.99, 3915.21, 3943.34
03/11/21, 3915.54, 3960.27, 3915.54, 3939.34
03/10/21, 3891.99, 3917.35, 3885.73, 3898.81
03/09/21, 3851.93, 3903.76, 3851.93, 3875.44
03/08/21, 3844.39, 3881.06, 3819.25, 3821.35
03/05/21, 3793.58, 3851.69, 3730.19, 3841.94
03/04/21, 3818.53, 3843.67, 3723.34, 3768.47
03/03/21, 3863.99, 3874.47, 3818.86, 3819.72
03/02/21, 3903.64, 3906.41, 3868.57, 3870.29
03/01/21, 3842.51, 3914.50, 3842.51, 3901.82
02/26/21, 3839.66, 3861.08, 3789.54, 3811.15
02/25/21, 3915.80, 3925.02, 3814.04, 3829.34
02/24/21, 3873.71, 3928.65, 3859.60, 3925.43
02/23/21, 3857.07, 3895.98, 3805.59, 3881.37
02/22/21, 3885.55, 3902.92, 3874.71, 3876.50
02/19/21, 3921.16, 3930.41, 3903.07, 3906.71
02/18/21, 3915.86, 3921.98, 3885.03, 3913.97
02/17/21, 3918.50, 3933.61, 3900.43, 3931.33
02/16/21, 3939.61, 3950.43, 3923.85, 3932.59
02/12/21, 3911.65, 3937.23, 3905.78, 3934.83
02/11/21, 3916.40, 3925.99, 3890.39, 3916.38
02/10/21, 3920.78, 3931.50, 3884.94, 3909.88
02/09/21, 3910.49, 3918.35, 3902.64, 3911.23
02/08/21, 3892.59, 3915.77, 3892.59, 3915.59
02/05/21, 3878.30, 3894.56, 3874.93, 3886.83
02/04/21, 3836.66, 3872.42, 3836.66, 3871.74
02/03/21, 3840.27, 3847.51, 3816.68, 3830.17
02/02/21, 3791.84, 3843.09, 3791.84, 3826.31
02/01/21, 3731.17, 3784.32, 3725.62, 3773.86
01/29/21, 3778.05, 3778.05, 3694.12, 3714.24
01/28/21, 3755.75, 3830.50, 3755.75, 3787.38
01/27/21, 3836.83, 3836.83, 3732.48, 3750.77
01/26/21, 3862.96, 3870.90, 3847.78, 3849.62
01/25/21, 3851.68, 3859.23, 3797.16, 3855.36
01/22/21, 3844.24, 3852.31, 3830.41, 3841.47
01/21/21, 3857.46, 3861.45, 3845.05, 3853.07
01/20/21, 3816.22, 3859.75, 3816.22, 3851.85
01/19/21, 3781.88, 3804.53, 3780.37, 3798.91
01/15/21, 3788.73, 3788.73, 3749.62, 3768.25
01/14/21, 3814.98, 3823.60, 3792.86, 3795.54
01/13/21, 3802.23, 3820.96, 3791.50, 3809.84
01/12/21, 3801.62, 3810.78, 3776.51, 3801.19
01/11/21, 3803.14, 3817.86, 3789.02, 3799.61
01/08/21, 3815.05, 3826.69, 3783.60, 3824.68
01/07/21, 3764.71, 3811.55, 3764.71, 3803.79
01/06/21, 3712.20, 3783.04, 3705.34, 3748.14
01/05/21, 3698.02, 3737.83, 3695.07, 3726.86
01/04/21, 3764.61, 3769.99, 3662.71, 3700.65
12/31/20, 3733.27, 3760.20, 3726.88, 3756.07
12/30/20, 3736.19, 3744.63, 3730.21, 3732.04
12/29/20, 3750.01, 3756.12, 3723.31, 3727.04
12/28/20, 3723.03, 3740.51, 3723.03, 3735.36
12/24/20, 3694.03, 3703.82, 3689.32, 3703.06
12/23/20, 3693.42, 3711.24, 3689.28, 3690.01
12/22/20, 3698.08, 3698.26, 3676.16, 3687.26
12/21/20, 3684.28, 3702.90, 3636.48, 3694.92
12/18/20, 3722.39, 3726.70, 3685.84, 3709.41
12/17/20, 3713.65, 3725.12, 3710.87, 3722.48
12/16/20, 3696.25, 3711.27, 3688.57, 3701.17
12/15/20, 3666.41, 3695.29, 3659.62, 3694.62
12/14/20, 3675.27, 3697.61, 3645.84, 3647.49
12/11/20, 3656.08, 3665.91, 3633.40, 3663.46
12/10/20, 3659.13, 3678.49, 3645.18, 3668.10
12/09/20, 3705.98, 3712.39, 3660.54, 3672.82
12/08/20, 3683.05, 3708.45, 3678.83, 3702.25
12/07/20, 3694.73, 3697.41, 3678.88, 3691.96
12/04/20, 3670.94, 3699.20, 3670.94, 3699.12
12/03/20, 3668.28, 3682.73, 3657.17, 3666.72
12/02/20, 3653.78, 3670.96, 3644.84, 3669.01
12/01/20, 3645.87, 3678.45, 3645.87, 3662.45
11/30/20, 3634.18, 3634.18, 3594.39, 3621.63
11/27/20, 3638.55, 3644.31, 3629.33, 3638.35
11/25/20, 3635.50, 3635.50, 3617.76, 3629.65
11/24/20, 3594.52, 3642.31, 3594.52, 3635.41
11/23/20, 3566.82, 3589.81, 3552.77, 3577.59
11/20/20, 3579.31, 3581.23, 3556.85, 3557.54
11/19/20, 3559.41, 3585.22, 3543.84, 3581.87
11/18/20, 3612.09, 3619.09, 3567.33, 3567.79
11/17/20, 3610.31, 3623.11, 3588.68, 3609.53
11/16/20, 3600.16, 3628.51, 3600.16, 3626.91
11/13/20, 3552.57, 3593.66, 3552.57, 3585.15
11/12/20, 3562.67, 3569.02, 3518.58, 3537.01
11/11/20, 3563.22, 3581.16, 3557.00, 3572.66
11/10/20, 3543.26, 3557.22, 3511.91, 3545.53
11/09/20, 3583.04, 3645.99, 3547.48, 3550.50
11/06/20, 3508.34, 3521.58, 3484.34, 3509.44
11/05/20, 3485.74, 3529.05, 3485.74, 3510.45
11/04/20, 3406.46, 3486.25, 3405.17, 3443.44
11/03/20, 3336.25, 3389.49, 3336.25, 3369.16
11/02/20, 3296.20, 3330.14, 3279.74, 3310.24
10/30/20, 3293.59, 3304.93, 3233.94, 3269.96
10/29/20, 3277.17, 3341.05, 3259.82, 3310.11
10/28/20, 3342.48, 3342.48, 3268.89, 3271.03
10/27/20, 3403.15, 3409.51, 3388.71, 3390.68
10/26/20, 3441.42, 3441.42, 3364.86, 3400.97
10/23/20, 3464.90, 3466.46, 3440.45, 3465.39
10/22/20, 3438.50, 3460.53, 3415.34, 3453.49
10/21/20, 3439.91, 3464.86, 3433.06, 3435.56
10/20/20, 3439.38, 3476.93, 3435.65, 3443.12
10/19/20, 3493.66, 3502.42, 3419.93, 3426.92
10/16/20, 3493.50, 3515.76, 3480.45, 3483.81
10/15/20, 3453.72, 3489.08, 3440.89, 3483.34
10/14/20, 3515.47, 3527.94, 3480.55, 3488.67
10/13/20, 3534.01, 3534.01, 3500.86, 3511.93
10/12/20, 3500.02, 3549.85, 3499.61, 3534.22
10/09/20, 3459.67, 3482.34, 3458.07, 3477.13
10/08/20, 3434.28, 3447.28, 3428.15, 3446.83
10/07/20, 3384.56, 3426.26, 3384.56, 3419.45
10/06/20, 3408.74, 3431.56, 3354.54, 3360.95
10/05/20, 3367.27, 3409.57, 3367.27, 3408.63
10/02/20, 3338.94, 3369.10, 3323.69, 3348.44
10/01/20, 3385.87, 3397.18, 3361.39, 3380.80
09/30/20, 3341.21, 3393.56, 3340.47, 3363.00
09/29/20, 3350.92, 3357.92, 3327.54, 3335.47
09/28/20, 3333.90, 3360.74, 3332.91, 3351.60
09/25/20, 3236.66, 3306.88, 3228.44, 3298.46
09/24/20, 3226.14, 3278.70, 3209.45, 3246.59
09/23/20, 3320.11, 3323.35, 3232.57, 3236.92
09/22/20, 3295.75, 3320.31, 3270.95, 3315.57
09/21/20, 3285.57, 3285.57, 3229.10, 3281.06
09/18/20, 3357.38, 3362.27, 3292.40, 3319.47
09/17/20, 3346.86, 3375.17, 3328.82, 3357.01
09/16/20, 3411.23, 3428.92, 3384.45, 3385.49
09/15/20, 3407.73, 3419.48, 3389.25, 3401.20
09/14/20, 3363.56, 3402.93, 3363.56, 3383.54
09/11/20, 3352.70, 3368.95, 3310.47, 3340.97
09/10/20, 3412.56, 3425.55, 3329.25, 3339.19
09/09/20, 3369.82, 3424.77, 3366.84, 3398.96
09/08/20, 3371.88, 3379.97, 3329.27, 3331.84
09/04/20, 3453.60, 3479.15, 3349.63, 3426.96
09/03/20, 3564.74, 3564.85, 3427.41, 3455.06
09/02/20, 3543.76, 3588.11, 3535.23, 3580.84
09/01/20, 3507.44, 3528.03, 3494.60, 3526.65
08/31/20, 3509.73, 3514.77, 3493.25, 3500.31
08/28/20, 3494.69, 3509.23, 3484.32, 3508.01
08/27/20, 3485.14, 3501.38, 3468.35, 3484.55
08/26/20, 3449.97, 3481.07, 3444.15, 3478.73
08/25/20, 3435.95, 3444.21, 3425.84, 3443.62
08/24/20, 3418.09, 3432.09, 3413.13, 3431.28
08/21/20, 3386.01, 3399.96, 3379.31, 3397.16
08/20/20, 3360.48, 3390.80, 3354.69, 3385.51
08/19/20, 3392.51, 3399.54, 3369.66, 3374.85
08/18/20, 3387.04, 3395.06, 3370.15, 3389.78
08/17/20, 3380.86, 3387.59, 3379.22, 3381.99
08/14/20, 3368.66, 3378.51, 3361.64, 3372.85
08/13/20, 3372.95, 3387.24, 3363.35, 3373.43
08/12/20, 3355.46, 3387.89, 3355.46, 3380.35
08/11/20, 3370.34, 3381.01, 3326.44, 3333.69
08/10/20, 3356.04, 3363.29, 3335.44, 3360.47
08/07/20, 3340.05, 3352.54, 3328.72, 3351.28
08/06/20, 3323.17, 3351.03, 3318.14, 3349.16
08/05/20, 3317.37, 3330.77, 3317.37, 3327.77
08/04/20, 3289.92, 3306.84, 3286.37, 3306.51
08/03/20, 3288.26, 3302.73, 3284.53, 3294.61
07/31/20, 3270.45, 3272.17, 3220.26, 3271.12
07/30/20, 3231.76, 3250.92, 3204.13, 3246.22
07/29/20, 3227.22, 3264.74, 3227.22, 3258.44
07/28/20, 3234.27, 3243.72, 3216.17, 3218.44
07/27/20, 3219.84, 3241.43, 3214.25, 3239.41
07/24/20, 3218.58, 3227.26, 3200.05, 3215.63
07/23/20, 3271.64, 3279.99, 3222.66, 3235.66
07/22/20, 3254.86, 3279.32, 3253.10, 3276.02
07/21/20, 3268.52, 3277.29, 3247.77, 3257.30
07/20/20, 3224.29, 3258.61, 3215.16, 3251.84
07/17/20, 3224.21, 3233.52, 3205.65, 3224.73
07/16/20, 3208.36, 3220.39, 3198.59, 3215.57
07/15/20, 3225.98, 3238.28, 3200.76, 3226.56
07/14/20, 3141.11, 3200.95, 3127.66, 3197.52
07/13/20, 3205.08, 3235.32, 3149.43, 3155.22
07/10/20, 3152.47, 3186.82, 3136.22, 3185.04
07/09/20, 3176.17, 3179.78, 3115.70, 3152.05
07/08/20, 3153.07, 3171.80, 3136.53, 3169.94
07/07/20, 3166.44, 3184.15, 3142.93, 3145.32
07/06/20, 3155.29, 3182.59, 3155.29, 3179.72
07/02/20, 3143.64, 3165.81, 3124.52, 3130.01
07/01/20, 3105.92, 3128.44, 3101.17, 3115.86
06/30/20, 3050.20, 3111.51, 3047.83, 3100.29
06/29/20, 3018.59, 3053.89, 2999.74, 3053.24
06/26/20, 3073.20, 3073.73, 3004.63, 3009.05
06/25/20, 3046.60, 3086.25, 3024.01, 3083.76
06/24/20, 3114.40, 3115.01, 3032.13, 3050.33
06/23/20, 3138.70, 3154.90, 3127.12, 3131.29
06/22/20, 3094.42, 3120.92, 3079.39, 3117.86
06/19/20, 3140.29, 3155.53, 3083.11, 3097.74
06/18/20, 3101.64, 3120.00, 3093.51, 3115.34
06/17/20, 3136.13, 3141.16, 3108.03, 3113.49
06/16/20, 3131.00, 3153.45, 3076.06, 3124.74
06/15/20, 2993.76, 3079.76, 2965.66, 3066.59
06/12/20, 3071.04, 3088.42, 2984.47, 3041.31
06/11/20, 3123.53, 3123.53, 2999.49, 3002.10
06/10/20, 3213.42, 3223.27, 3181.49, 3190.14
06/09/20, 3213.32, 3222.71, 3193.11, 3207.18
06/08/20, 3199.92, 3233.13, 3196.00, 3232.39
06/05/20, 3163.84, 3211.72, 3163.84, 3193.93
06/04/20, 3111.56, 3128.91, 3090.41, 3112.35
06/03/20, 3098.90, 3130.94, 3098.90, 3122.87
06/02/20, 3064.78, 3081.07, 3051.64, 3080.82
06/01/20, 3038.78, 3062.18, 3031.54, 3055.73
05/29/20, 3025.17, 3049.17, 2998.61, 3044.31
05/28/20, 3046.61, 3068.67, 3023.40, 3029.73
05/27/20, 3015.65, 3036.25, 2969.75, 3036.13
05/26/20, 3004.08, 3021.72, 2988.17, 2991.77
05/22/20, 2948.05, 2956.76, 2933.59, 2955.45
05/21/20, 2969.95, 2978.50, 2938.57, 2948.51
05/20/20, 2953.63, 2980.29, 2953.63, 2971.61
05/19/20, 2948.59, 2964.21, 2922.35, 2922.94
05/18/20, 2913.86, 2968.09, 2913.86, 2953.91
05/15/20, 2829.95, 2865.01, 2816.78, 2863.70
05/14/20, 2794.54, 2852.80, 2766.64, 2852.50
05/13/20, 2865.86, 2874.14, 2793.15, 2820.00
05/12/20, 2939.50, 2945.82, 2869.59, 2870.12
05/11/20, 2915.46, 2944.25, 2903.44, 2930.32
05/08/20, 2908.83, 2932.16, 2902.88, 2929.80
05/07/20, 2878.26, 2901.92, 2876.48, 2881.19
05/06/20, 2883.14, 2891.11, 2847.65, 2848.42
05/05/20, 2868.88, 2898.23, 2863.55, 2868.44
05/04/20, 2815.01, 2844.24, 2797.85, 2842.74
05/01/20, 2869.09, 2869.09, 2821.61, 2830.71
04/30/20, 2930.91, 2930.91, 2892.47, 2912.43
04/29/20, 2918.46, 2954.86, 2912.16, 2939.51
04/28/20, 2909.96, 2921.15, 2860.71, 2863.39
04/27/20, 2854.65, 2887.72, 2852.89, 2878.48
04/24/20, 2812.64, 2842.71, 2791.76, 2836.74
04/23/20, 2810.42, 2844.90, 2794.26, 2797.80
04/22/20, 2787.89, 2815.10, 2775.95, 2799.31
04/21/20, 2784.81, 2785.54, 2727.10, 2736.56
04/20/20, 2845.62, 2868.98, 2820.43, 2823.16
04/17/20, 2842.43, 2879.22, 2830.88, 2874.56
04/16/20, 2799.34, 2806.51, 2764.32, 2799.55
04/15/20, 2795.64, 2801.88, 2761.54, 2783.36
04/14/20, 2805.10, 2851.85, 2805.10, 2846.06
04/13/20, 2782.46, 2782.46, 2721.17, 2761.63
04/09/20, 2776.99, 2818.57, 2762.36, 2789.82
04/08/20, 2685.00, 2760.75, 2663.30, 2749.98
04/07/20, 2738.65, 2756.89, 2657.67, 2659.41
04/06/20, 2578.28, 2676.85, 2574.57, 2663.68
04/03/20, 2514.92, 2538.18, 2459.96, 2488.65
04/02/20, 2458.54, 2533.22, 2455.79, 2526.90
04/01/20, 2498.08, 2522.75, 2447.49, 2470.50
03/31/20, 2614.69, 2641.39, 2571.15, 2584.59
03/30/20, 2558.98, 2631.80, 2545.28, 2626.65
03/27/20, 2555.87, 2615.91, 2520.02, 2541.47
03/26/20, 2501.29, 2637.01, 2500.72, 2630.07
03/25/20, 2457.77, 2571.42, 2407.53, 2475.56
03/24/20, 2344.44, 2449.71, 2344.44, 2447.33
03/23/20, 2290.71, 2300.73, 2191.86, 2237.40
03/20/20, 2431.94, 2453.01, 2295.56, 2304.92
03/19/20, 2393.48, 2466.97, 2319.78, 2409.39
03/18/20, 2436.50, 2453.57, 2280.52, 2398.10
03/17/20, 2425.66, 2553.93, 2367.04, 2529.19
03/16/20, 2508.59, 2562.98, 2380.94, 2386.13
03/13/20, 2569.99, 2711.33, 2492.37, 2711.02
03/12/20, 2630.86, 2660.95, 2478.86, 2480.64
03/11/20, 2825.60, 2825.60, 2707.22, 2741.38
03/10/20, 2813.48, 2882.59, 2734.00, 2882.23
03/09/20, 2863.89, 2863.89, 2734.43, 2746.56
03/06/20, 2954.20, 2985.93, 2901.54, 2972.37
03/05/20, 3075.70, 3083.04, 2999.83, 3023.94
03/04/20, 3045.75, 3130.97, 3034.38, 3130.12
03/03/20, 3096.46, 3136.72, 2976.63, 3003.37
03/02/20, 2974.28, 3090.96, 2945.19, 3090.23
02/28/20, 2916.90, 2959.72, 2855.84, 2954.22
02/27/20, 3062.54, 3097.07, 2977.39, 2978.76
02/26/20, 3139.90, 3182.51, 3108.99, 3116.39
02/25/20, 3238.94, 3246.99, 3118.77, 3128.21
02/24/20, 3257.61, 3259.81, 3214.65, 3225.89
02/21/20, 3360.50, 3360.76, 3328.45, 3337.75
02/20/20, 3380.45, 3389.15, 3341.02, 3373.23
02/19/20, 3380.39, 3393.52, 3378.83, 3386.15
02/18/20, 3369.04, 3375.01, 3355.61, 3370.29
02/14/20, 3378.08, 3380.69, 3366.15, 3380.16
02/13/20, 3365.90, 3385.09, 3360.52, 3373.94
02/12/20, 3370.50, 3381.47, 3369.72, 3379.45
02/11/20, 3365.87, 3375.63, 3352.72, 3357.75
02/10/20, 3318.28, 3352.26, 3317.77, 3352.09
02/07/20, 3335.54, 3341.42, 3322.12, 3327.71
02/06/20, 3344.92, 3347.96, 3334.39, 3345.78
02/05/20, 3324.91, 3337.58, 3313.75, 3334.69
02/04/20, 3280.61, 3306.92, 3280.61, 3297.59
02/03/20, 3235.66, 3268.44, 3235.66, 3248.92
01/31/20, 3282.33, 3282.33, 3214.68, 3225.52
01/30/20, 3256.45, 3285.91, 3242.80, 3283.66
01/29/20, 3289.46, 3293.47, 3271.89, 3273.40
01/28/20, 3255.35, 3285.78, 3253.22, 3276.24
01/27/20, 3247.16, 3258.85, 3234.50, 3243.63
01/24/20, 3333.10, 3333.18, 3281.53, 3295.47
01/23/20, 3315.77, 3326.88, 3301.87, 3325.54
01/22/20, 3330.02, 3337.77, 3320.04, 3321.75
01/21/20, 3321.03, 3329.79, 3316.61, 3320.79
01/17/20, 3323.66, 3329.88, 3318.86, 3329.62
01/16/20, 3302.97, 3317.11, 3302.82, 3316.81
01/15/20, 3282.27, 3298.66, 3280.69, 3289.29
01/14/20, 3285.35, 3294.25, 3277.19, 3283.15
01/13/20, 3271.13, 3288.13, 3268.43, 3288.13
01/10/20, 3281.81, 3282.99, 3260.86, 3265.35
01/09/20, 3266.03, 3275.58, 3263.67, 3274.70
01/08/20, 3238.59, 3267.07, 3236.67, 3253.05
01/07/20, 3241.86, 3244.91, 3232.43, 3237.18
01/06/20, 3217.55, 3246.84, 3214.64, 3246.28
01/03/20, 3226.36, 3246.15, 3222.34, 3234.85
01/02/20, 3244.67, 3258.14, 3235.53, 3257.85
12/31/19, 3215.18, 3231.72, 3212.03, 3230.78
12/30/19, 3240.09, 3240.92, 3216.57, 3221.29
12/27/19, 3247.23, 3247.93, 3234.37, 3240.02
12/26/19, 3227.20, 3240.08, 3227.20, 3239.91
12/24/19, 3225.45, 3226.43, 3220.51, 3223.38
12/23/19, 3226.05, 3227.78, 3222.30, 3224.01
12/20/19, 3223.33, 3225.65, 3216.03, 3221.22
12/19/19, 3192.32, 3205.48, 3192.32, 3205.37
12/18/19, 3195.21, 3198.48, 3191.14, 3191.14
12/17/19, 3195.40, 3198.22, 3191.03, 3192.52
12/16/19, 3183.63, 3197.71, 3183.63, 3191.45
12/13/19, 3166.65, 3182.68, 3156.51, 3168.80
12/12/19, 3141.23, 3176.28, 3138.47, 3168.57
12/11/19, 3135.75, 3143.98, 3133.21, 3141.63
12/10/19, 3135.36, 3142.12, 3126.09, 3132.52
12/09/19, 3141.86, 3148.87, 3135.46, 3135.96
12/06/19, 3134.62, 3150.60, 3134.62, 3145.91
12/05/19, 3119.21, 3119.45, 3103.76, 3117.43
12/04/19, 3103.50, 3119.38, 3102.53, 3112.76
12/03/19, 3087.41, 3094.97, 3070.33, 3093.20
12/02/19, 3143.85, 3144.31, 3110.78, 3113.87
11/29/19, 3147.18, 3150.30, 3139.34, 3140.98
11/27/19, 3145.49, 3154.26, 3143.41, 3153.63
11/26/19, 3134.85, 3142.69, 3131.00, 3140.52
11/25/19, 3117.44, 3133.83, 3117.44, 3133.64
11/22/19, 3111.41, 3112.87, 3099.26, 3110.29
11/21/19, 3108.49, 3110.11, 3094.55, 3103.54
11/20/19, 3114.66, 3118.97, 3091.41, 3108.46
11/19/19, 3127.45, 3127.64, 3113.47, 3120.18
11/18/19, 3117.91, 3124.17, 3112.06, 3122.03
11/15/19, 3107.92, 3120.46, 3104.60, 3120.46
11/14/19, 3090.75, 3098.20, 3083.26, 3096.63
11/13/19, 3084.18, 3098.06, 3078.80, 3094.04
11/12/19, 3089.28, 3102.61, 3084.73, 3091.84
11/11/19, 3080.33, 3088.33, 3075.82, 3087.01
11/08/19, 3081.25, 3093.09, 3073.58, 3093.08
11/07/19, 3087.02, 3097.77, 3080.23, 3085.18
11/06/19, 3075.10, 3078.34, 3065.89, 3076.78
11/05/19, 3080.80, 3083.95, 3072.15, 3074.62
11/04/19, 3078.96, 3085.20, 3074.87, 3078.27
11/01/19, 3050.72, 3066.95, 3050.72, 3066.91
10/31/19, 3046.90, 3046.90, 3023.19, 3037.56
10/30/19, 3039.74, 3050.10, 3025.96, 3046.77
10/29/19, 3035.39, 3047.87, 3034.81, 3036.89
10/28/19, 3032.12, 3044.08, 3032.12, 3039.42
10/25/19, 3003.32, 3027.39, 3001.94, 3022.55
10/24/19, 3014.78, 3016.07, 3000.42, 3010.29
10/23/19, 2994.01, 3004.78, 2991.21, 3004.52
10/22/19, 3010.73, 3014.57, 2995.04, 2995.99
10/21/19, 2996.48, 3007.33, 2995.35, 3006.72
10/18/19, 2996.84, 3000.00, 2976.31, 2986.20
10/17/19, 3000.77, 3008.29, 2991.79, 2997.95
10/16/19, 2989.68, 2997.54, 2985.20, 2989.69
10/15/19, 2973.61, 3003.28, 2973.61, 2995.68
10/14/19, 2965.81, 2972.84, 2962.94, 2966.15
10/11/19, 2963.07, 2993.28, 2963.07, 2970.27
10/10/19, 2918.55, 2948.46, 2917.12, 2938.13
10/09/19, 2911.10, 2929.32, 2907.41, 2919.40
10/08/19, 2920.40, 2925.47, 2892.66, 2893.06
10/07/19, 2944.23, 2959.75, 2935.68, 2938.79
10/04/19, 2918.56, 2953.74, 2918.56, 2952.01
10/03/19, 2885.38, 2911.13, 2855.94, 2910.63
10/02/19, 2924.78, 2924.78, 2874.93, 2887.61
10/01/19, 2983.69, 2992.53, 2938.70, 2940.25
09/30/19, 2967.07, 2983.85, 2967.07, 2976.74
09/27/19, 2985.47, 2987.31, 2945.53, 2961.79
09/26/19, 2985.73, 2987.28, 2963.71, 2977.62
09/25/19, 2968.35, 2989.82, 2952.86, 2984.87
09/24/19, 3002.43, 3007.98, 2957.73, 2966.60
09/23/19, 2983.50, 2999.15, 2982.23, 2991.78
09/20/19, 3008.42, 3016.37, 2984.68, 2992.07
09/19/19, 3010.36, 3021.99, 3003.16, 3006.79
09/18/19, 3001.50, 3007.83, 2978.57, 3006.73
09/17/19, 2995.67, 3006.21, 2993.73, 3005.70
09/16/19, 2996.41, 3002.19, 2990.67, 2997.96
09/13/19, 3012.21, 3017.33, 3002.90, 3007.39
09/12/19, 3009.08, 3020.74, 3000.92, 3009.57
09/11/19, 2981.41, 3000.93, 2975.31, 3000.93
09/10/19, 2971.01, 2979.39, 2957.01, 2979.39
09/09/19, 2988.43, 2989.43, 2969.39, 2978.43
09/06/19, 2980.33, 2985.03, 2972.51, 2978.71
09/05/19, 2960.60, 2985.86, 2960.60, 2976.00
09/04/19, 2924.67, 2938.84, 2921.86, 2937.78
09/03/19, 2909.01, 2914.39, 2891.85, 2906.27
08/30/19, 2937.09, 2940.43, 2913.32, 2926.46
08/29/19, 2910.37, 2930.50, 2905.67, 2924.58
08/28/19, 2861.28, 2890.03, 2853.05, 2887.94
08/27/19, 2893.14, 2898.79, 2860.59, 2869.16
08/26/19, 2866.70, 2879.27, 2856.00, 2878.38
08/23/19, 2911.07, 2927.01, 2834.97, 2847.11
08/22/19, 2930.94, 2939.08, 2904.51, 2922.95
08/21/19, 2922.04, 2928.73, 2917.91, 2924.43
08/20/19, 2919.01, 2923.63, 2899.60, 2900.51
08/19/19, 2913.48, 2931.00, 2913.48, 2923.65
08/16/19, 2864.74, 2893.63, 2864.74, 2888.68
08/15/19, 2846.20, 2856.67, 2825.51, 2847.60
08/14/19, 2894.15, 2894.15, 2839.64, 2840.60
08/13/19, 2880.72, 2943.31, 2877.05, 2926.32
08/12/19, 2907.07, 2907.58, 2873.14, 2883.75
08/09/19, 2930.51, 2935.75, 2900.15, 2918.65
08/08/19, 2896.21, 2938.72, 2894.47, 2938.09
08/07/19, 2858.65, 2892.17, 2825.71, 2883.98
08/06/19, 2861.18, 2884.40, 2847.42, 2881.77
08/05/19, 2898.07, 2898.07, 2822.12, 2844.74
08/02/19, 2943.90, 2945.50, 2914.11, 2932.05
08/01/19, 2980.32, 3013.59, 2945.23, 2953.56
07/31/19, 3016.22, 3017.40, 2958.08, 2980.38
07/30/19, 3007.66, 3017.19, 3000.94, 3013.18
07/29/19, 3024.47, 3025.61, 3014.30, 3020.97
07/26/19, 3013.25, 3027.98, 3012.59, 3025.86
07/25/19, 3016.26, 3016.31, 2997.24, 3003.67
07/24/19, 2998.77, 3019.59, 2996.82, 3019.56
07/23/19, 2994.74, 3005.90, 2988.56, 3005.47
07/22/19, 2981.93, 2990.71, 2976.65, 2985.03
07/19/19, 3004.26, 3006.02, 2975.86, 2976.61
07/18/19, 2978.87, 2998.28, 2973.09, 2995.11
07/17/19, 3005.10, 3005.26, 2984.25, 2984.42
07/16/19, 3012.13, 3015.02, 3001.15, 3004.04
07/15/19, 3017.80, 3017.80, 3008.77, 3014.30
07/12/19, 3003.36, 3013.92, 3001.87, 3013.77
07/11/19, 2999.62, 3002.33, 2988.80, 2999.91
07/10/19, 2989.30, 3002.98, 2984.62, 2993.07
07/09/19, 2965.52, 2981.90, 2963.44, 2979.63
07/08/19, 2979.77, 2980.76, 2970.09, 2975.95
07/05/19, 2984.25, 2994.03, 2967.97, 2990.41
07/03/19, 2978.08, 2995.84, 2977.96, 2995.82
07/02/19, 2964.66, 2973.21, 2955.92, 2973.01
07/01/19, 2971.41, 2977.93, 2952.22, 2964.33
06/28/19, 2932.94, 2943.98, 2929.05, 2941.76
06/27/19, 2919.66, 2929.30, 2918.57, 2924.92
06/26/19, 2926.07, 2932.59, 2912.99, 2913.78
06/25/19, 2945.78, 2946.52, 2916.01, 2917.38
06/24/19, 2951.42, 2954.92, 2944.05, 2945.35
06/21/19, 2952.71, 2964.15, 2946.87, 2950.46
06/20/19, 2949.60, 2958.06, 2931.50, 2954.18
06/19/19, 2920.55, 2931.74, 2911.43, 2926.46
06/18/19, 2906.71, 2930.79, 2905.44, 2917.75
06/17/19, 2889.75, 2897.27, 2887.30, 2889.67
06/14/19, 2886.82, 2894.45, 2879.62, 2886.98
06/13/19, 2886.24, 2895.24, 2881.99, 2891.64
06/12/19, 2882.73, 2888.57, 2874.68, 2879.84
06/11/19, 2903.27, 2910.61, 2878.53, 2885.72
06/10/19, 2885.83, 2904.77, 2885.51, 2886.73
06/07/19, 2852.87, 2884.97, 2852.87, 2873.34
06/06/19, 2828.51, 2852.10, 2822.45, 2843.49
06/05/19, 2818.09, 2827.28, 2800.92, 2826.15
06/04/19, 2762.64, 2804.49, 2762.64, 2803.27
06/03/19, 2751.53, 2763.07, 2728.81, 2744.45
05/31/19, 2766.15, 2768.98, 2750.52, 2752.06
05/30/19, 2786.94, 2799.00, 2776.74, 2788.86
05/29/19, 2790.25, 2792.03, 2766.06, 2783.02
05/28/19, 2830.03, 2840.51, 2801.58, 2802.39
05/24/19, 2832.41, 2841.36, 2820.19, 2826.06
05/23/19, 2836.70, 2836.70, 2805.49, 2822.24
05/22/19, 2856.06, 2865.47, 2851.11, 2856.27
05/21/19, 2854.02, 2868.88, 2854.02, 2864.36
05/20/19, 2841.94, 2853.86, 2831.29, 2840.23
05/17/19, 2858.60, 2885.48, 2854.23, 2859.53
05/16/19, 2855.80, 2892.15, 2855.80, 2876.32
05/15/19, 2820.38, 2858.68, 2815.08, 2850.96
05/14/19, 2820.12, 2852.54, 2820.12, 2834.41
05/13/19, 2840.19, 2840.19, 2801.43, 2811.87
05/10/19, 2863.10, 2891.31, 2825.39, 2881.40
05/09/19, 2859.84, 2875.97, 2836.40, 2870.72
05/08/19, 2879.61, 2897.96, 2873.28, 2879.42
05/07/19, 2913.03, 2913.03, 2862.60, 2884.05
05/06/19, 2908.89, 2937.32, 2898.21, 2932.47
05/03/19, 2929.21, 2947.85, 2929.21, 2945.64
05/02/19, 2922.16, 2931.68, 2900.50, 2917.52
05/01/19, 2952.33, 2954.13, 2923.36, 2923.73
04/30/19, 2937.14, 2948.22, 2924.11, 2945.83
04/29/19, 2940.58, 2949.52, 2939.35, 2943.03
04/26/19, 2925.81, 2939.88, 2917.56, 2939.88
04/25/19, 2928.99, 2933.10, 2912.84, 2926.17
04/24/19, 2934.00, 2936.83, 2926.05, 2927.25
04/23/19, 2909.99, 2936.31, 2908.53, 2933.68
04/22/19, 2898.78, 2909.51, 2896.35, 2907.97
04/18/19, 2904.81, 2908.40, 2891.90, 2905.03
04/17/19, 2916.04, 2918.00, 2895.45, 2900.45
04/16/19, 2912.26, 2916.06, 2900.71, 2907.06
04/15/19, 2908.32, 2909.60, 2896.48, 2905.58
04/12/19, 2900.86, 2910.54, 2898.37, 2907.41
04/11/19, 2891.92, 2893.42, 2881.99, 2888.32
04/10/19, 2881.37, 2889.71, 2879.13, 2888.21
04/09/19, 2886.58, 2886.88, 2873.33, 2878.20
04/08/19, 2888.46, 2895.95, 2880.78, 2895.77
04/05/19, 2884.16, 2893.24, 2882.99, 2892.74
04/04/19, 2873.99, 2881.28, 2867.14, 2879.39
04/03/19, 2876.09, 2885.25, 2865.17, 2873.40
04/02/19, 2868.24, 2872.90, 2858.75, 2867.24
04/01/19, 2848.63, 2869.40, 2848.63, 2867.19
03/29/19, 2828.27, 2836.03, 2819.23, 2834.40
03/28/19, 2809.40, 2819.71, 2798.77, 2815.44
03/27/19, 2819.72, 2825.56, 2787.72, 2805.37
03/26/19, 2812.66, 2829.87, 2803.99, 2818.46
03/25/19, 2796.01, 2809.79, 2785.02, 2798.36
03/22/19, 2844.52, 2846.16, 2800.47, 2800.71
03/21/19, 2819.72, 2860.31, 2817.38, 2854.88
03/20/19, 2831.34, 2843.54, 2812.43, 2824.23
03/19/19, 2840.76, 2852.42, 2823.27, 2832.57
03/18/19, 2822.61, 2835.41, 2821.99, 2832.94
03/15/19, 2810.79, 2830.73, 2810.79, 2822.48
03/14/19, 2810.38, 2815.00, 2803.46, 2808.48
03/13/19, 2799.78, 2821.24, 2799.78, 2810.92
03/12/19, 2787.34, 2798.32, 2786.73, 2791.52
03/11/19, 2747.61, 2784.00, 2747.61, 2783.30
03/08/19, 2730.79, 2744.13, 2722.27, 2743.07
03/07/19, 2766.53, 2767.25, 2739.09, 2748.93
03/06/19, 2790.27, 2790.27, 2768.69, 2771.45
03/05/19, 2794.41, 2796.44, 2782.97, 2789.65
03/04/19, 2814.37, 2816.88, 2767.66, 2792.81
03/01/19, 2798.22, 2808.02, 2787.38, 2803.69
02/28/19, 2788.11, 2793.73, 2782.51, 2784.49
02/27/19, 2787.50, 2795.76, 2775.13, 2792.38
02/26/19, 2792.36, 2803.12, 2789.47, 2793.90
02/25/19, 2804.35, 2813.49, 2794.99, 2796.11
02/22/19, 2780.67, 2794.20, 2779.11, 2792.67
02/21/19, 2780.24, 2781.58, 2764.55, 2774.88
02/20/19, 2779.05, 2789.88, 2774.06, 2784.70
02/19/19, 2769.28, 2787.33, 2767.29, 2779.76
02/15/19, 2760.24, 2775.66, 2760.24, 2775.60
02/14/19, 2743.50, 2757.90, 2731.23, 2745.73
02/13/19, 2750.30, 2761.85, 2748.63, 2753.03
02/12/19, 2722.61, 2748.19, 2722.61, 2744.73
02/11/19, 2712.40, 2718.05, 2703.79, 2709.80
02/08/19, 2692.36, 2708.07, 2681.83, 2707.88
02/07/19, 2717.53, 2719.32, 2687.26, 2706.05
02/06/19, 2735.05, 2738.08, 2724.15, 2731.61
02/05/19, 2728.34, 2738.98, 2724.03, 2737.70
02/04/19, 2706.49, 2724.99, 2698.75, 2724.87
02/01/19, 2702.32, 2716.66, 2696.88, 2706.53
01/31/19, 2685.49, 2708.95, 2678.65, 2704.10
01/30/19, 2653.62, 2690.44, 2648.34, 2681.05
01/29/19, 2644.89, 2650.93, 2631.05, 2640.00
01/28/19, 2644.97, 2644.97, 2624.06, 2643.85
01/25/19, 2657.44, 2672.38, 2657.33, 2664.76
01/24/19, 2638.84, 2647.20, 2627.01, 2642.33
01/23/19, 2643.48, 2653.19, 2612.86, 2638.70
01/22/19, 2657.88, 2657.88, 2617.27, 2632.90
01/18/19, 2651.27, 2675.47, 2647.58, 2670.71
01/17/19, 2609.28, 2645.06, 2606.36, 2635.96
01/16/19, 2614.75, 2625.76, 2612.68, 2616.10
01/15/19, 2585.10, 2613.08, 2585.10, 2610.30
01/14/19, 2580.31, 2589.32, 2570.41, 2582.61
01/11/19, 2588.11, 2596.27, 2577.40, 2596.26
01/10/19, 2573.51, 2597.82, 2562.02, 2596.64
01/09/19, 2580.00, 2595.32, 2568.89, 2584.96
01/08/19, 2568.11, 2579.82, 2547.56, 2574.41
01/07/19, 2535.61, 2566.16, 2524.56, 2549.69
01/04/19, 2474.33, 2538.07, 2474.33, 2531.94
01/03/19, 2491.92, 2493.14, 2443.96, 2447.89
01/02/19, 2476.96, 2519.49, 2467.47, 2510.03
12/31/18, 2498.94, 2509.24, 2482.82, 2506.85
12/28/18, 2498.77, 2520.27, 2472.89, 2485.74
12/27/18, 2442.50, 2489.10, 2397.94, 2488.83
12/26/18, 2363.12, 2467.76, 2346.58, 2467.70
12/24/18, 2400.56, 2410.34, 2351.10, 2351.10
12/21/18, 2465.38, 2504.41, 2408.55, 2416.62
12/20/18, 2496.77, 2509.63, 2441.18, 2467.42
12/19/18, 2547.05, 2585.29, 2488.96, 2506.96
12/18/18, 2559.90, 2573.99, 2528.71, 2546.16
12/17/18, 2590.75, 2601.13, 2530.54, 2545.94
12/14/18, 2629.68, 2635.07, 2593.84, 2599.95
12/13/18, 2658.70, 2670.19, 2637.27, 2650.54
12/12/18, 2658.23, 2685.44, 2650.26, 2651.07
12/11/18, 2664.44, 2674.35, 2621.30, 2636.78
12/10/18, 2630.86, 2647.51, 2583.23, 2637.72
12/07/18, 2691.26, 2708.54, 2623.14, 2633.08
12/06/18, 2663.51, 2696.15, 2621.53, 2695.95
12/04/18, 2782.43, 2785.93, 2697.18, 2700.06
12/03/18, 2790.50, 2800.18, 2773.38, 2790.37
11/30/18, 2737.76, 2760.88, 2732.76, 2760.17
11/29/18, 2736.97, 2753.75, 2722.94, 2737.76
11/28/18, 2691.45, 2744.00, 2684.38, 2743.79
11/27/18, 2663.75, 2682.53, 2655.89, 2682.17
11/26/18, 2649.97, 2674.35, 2649.97, 2673.45
11/23/18, 2633.36, 2647.55, 2631.09, 2632.56
11/21/18, 2657.74, 2670.73, 2649.82, 2649.93
11/20/18, 2654.60, 2669.44, 2631.52, 2641.89
11/19/18, 2730.74, 2733.16, 2681.09, 2690.73
11/16/18, 2718.54, 2746.75, 2712.16, 2736.27
11/15/18, 2693.52, 2735.38, 2670.75, 2730.20
11/14/18, 2737.90, 2746.80, 2685.75, 2701.58
11/13/18, 2730.05, 2754.60, 2714.98, 2722.18
11/12/18, 2773.93, 2775.99, 2722.00, 2726.22
11/09/18, 2794.10, 2794.10, 2764.24, 2781.01
11/08/18, 2806.38, 2814.75, 2794.99, 2806.83
11/07/18, 2774.13, 2815.15, 2774.13, 2813.89
11/06/18, 2738.40, 2756.82, 2737.08, 2755.45
11/05/18, 2726.37, 2744.27, 2717.94, 2738.31
11/02/18, 2745.45, 2756.55, 2700.44, 2723.06
11/01/18, 2717.58, 2741.67, 2708.85, 2740.37
10/31/18, 2705.60, 2736.69, 2705.60, 2711.74
10/30/18, 2640.68, 2685.43, 2635.34, 2682.63
10/29/18, 2682.65, 2706.85, 2603.54, 2641.25
10/26/18, 2667.86, 2692.38, 2628.16, 2658.69
10/25/18, 2674.88, 2722.70, 2667.84, 2705.57
10/24/18, 2737.87, 2742.59, 2651.89, 2656.10
10/23/18, 2721.03, 2753.59, 2691.43, 2740.69
10/22/18, 2773.94, 2778.94, 2749.22, 2755.88
10/19/18, 2775.66, 2797.77, 2760.27, 2767.78
10/18/18, 2802.00, 2806.04, 2755.18, 2768.78
10/17/18, 2811.67, 2816.94, 2781.81, 2809.21
10/16/18, 2767.05, 2813.46, 2766.91, 2809.92
10/15/18, 2763.83, 2775.99, 2749.03, 2750.79
10/12/18, 2770.54, 2775.77, 2729.44, 2767.13
10/11/18, 2776.87, 2795.14, 2710.51, 2728.37
10/10/18, 2873.90, 2874.02, 2784.86, 2785.68
10/09/18, 2882.51, 2894.83, 2874.27, 2880.34
10/08/18, 2877.53, 2889.45, 2862.08, 2884.43
10/05/18, 2902.54, 2909.64, 2869.29, 2885.57
10/04/18, 2919.35, 2919.78, 2883.92, 2901.61
10/03/18, 2931.69, 2939.86, 2921.36, 2925.51
10/02/18, 2923.80, 2931.42, 2919.37, 2923.43
10/01/18, 2926.29, 2937.06, 2917.91, 2924.59
09/28/18, 2910.03, 2920.53, 2907.50, 2913.98
09/27/18, 2911.65, 2927.22, 2909.27, 2914.00
09/26/18, 2916.98, 2931.15, 2903.28, 2905.97
09/25/18, 2921.75, 2923.95, 2913.70, 2915.56
09/24/18, 2921.83, 2923.79, 2912.63, 2919.37
09/21/18, 2936.76, 2940.91, 2927.11, 2929.67
09/20/18, 2919.73, 2934.80, 2919.73, 2930.75
09/19/18, 2906.60, 2912.36, 2903.82, 2907.95
09/18/18, 2890.74, 2911.17, 2890.43, 2904.31
09/17/18, 2903.83, 2904.65, 2886.16, 2888.80
09/14/18, 2906.38, 2908.30, 2895.77, 2904.98
09/13/18, 2896.85, 2906.76, 2896.39, 2904.18
09/12/18, 2888.29, 2894.65, 2879.20, 2888.92
09/11/18, 2871.57, 2892.52, 2866.78, 2887.89
09/10/18, 2881.39, 2886.93, 2875.94, 2877.13
09/07/18, 2868.26, 2883.81, 2864.12, 2871.68
09/06/18, 2888.64, 2892.05, 2867.29, 2878.05
09/05/18, 2891.59, 2894.21, 2876.92, 2888.60
09/04/18, 2896.96, 2900.18, 2885.13, 2896.72
08/31/18, 2898.37, 2906.32, 2891.73, 2901.52
08/30/18, 2908.94, 2912.46, 2895.22, 2901.13
08/29/18, 2900.62, 2916.50, 2898.40, 2914.04
08/28/18, 2901.45, 2903.77, 2893.50, 2897.52
08/27/18, 2884.69, 2898.25, 2884.69, 2896.74
08/24/18, 2862.35, 2876.16, 2862.35, 2874.69
08/23/18, 2860.29, 2868.78, 2854.03, 2856.98
08/22/18, 2860.99, 2867.54, 2856.05, 2861.82
08/21/18, 2861.51, 2873.23, 2861.32, 2862.96
08/20/18, 2853.93, 2859.76, 2850.62, 2857.05
08/17/18, 2838.32, 2855.63, 2833.73, 2850.13
08/16/18, 2831.44, 2850.49, 2831.44, 2840.69
08/15/18, 2827.95, 2827.95, 2802.49, 2818.37
08/14/18, 2827.88, 2843.11, 2826.58, 2839.96
08/13/18, 2835.46, 2843.40, 2819.88, 2821.93
08/10/18, 2839.64, 2842.20, 2825.81, 2833.28
08/09/18, 2857.19, 2862.48, 2851.98, 2853.58
08/08/18, 2856.79, 2862.44, 2853.09, 2857.70
08/07/18, 2855.92, 2863.43, 2855.92, 2858.45
08/06/18, 2840.29, 2853.29, 2835.98, 2850.40
08/03/18, 2829.62, 2840.38, 2827.37, 2840.35
08/02/18, 2800.48, 2829.91, 2796.34, 2827.22
08/01/18, 2821.17, 2825.83, 2805.85, 2813.36
07/31/18, 2809.73, 2824.46, 2808.06, 2816.29
07/30/18, 2819.00, 2821.74, 2798.11, 2802.60
07/27/18, 2842.35, 2843.17, 2808.34, 2818.82
07/26/18, 2835.49, 2845.57, 2835.26, 2837.44
07/25/18, 2817.73, 2848.03, 2817.73, 2846.07
07/24/18, 2820.68, 2829.99, 2811.12, 2820.40
07/23/18, 2799.17, 2808.61, 2795.14, 2806.98
07/20/18, 2804.55, 2809.70, 2800.01, 2801.83
07/19/18, 2809.37, 2812.05, 2799.77, 2804.49
07/18/18, 2811.35, 2816.76, 2805.89, 2815.62
07/17/18, 2789.34, 2814.19, 2789.24, 2809.55
07/16/18, 2801.43, 2803.71, 2793.39, 2798.43
07/13/18, 2796.93, 2804.53, 2791.69, 2801.31
07/12/18, 2783.14, 2799.22, 2781.53, 2798.29
07/11/18, 2779.82, 2785.91, 2770.77, 2774.02
07/10/18, 2788.56, 2795.58, 2786.24, 2793.84
07/09/18, 2768.51, 2784.65, 2768.51, 2784.17
07/06/18, 2737.68, 2764.41, 2733.52, 2759.82
07/05/18, 2724.19, 2737.83, 2716.02, 2736.61
07/03/18, 2733.27, 2736.58, 2711.16, 2713.22
07/02/18, 2704.95, 2727.26, 2698.95, 2726.71
06/29/18, 2727.13, 2743.26, 2718.03, 2718.37
06/28/18, 2698.69, 2724.34, 2691.99, 2716.31
06/27/18, 2728.45, 2746.09, 2699.38, 2699.63
06/26/18, 2722.12, 2732.91, 2715.60, 2723.06
06/25/18, 2742.94, 2742.94, 2698.67, 2717.07
06/22/18, 2760.79, 2764.17, 2752.68, 2754.88
06/21/18, 2769.28, 2769.28, 2744.39, 2749.76
06/20/18, 2769.73, 2774.86, 2763.91, 2767.32
06/19/18, 2752.01, 2765.05, 2743.19, 2762.59
06/18/18, 2765.79, 2774.99, 2757.12, 2773.75
06/15/18, 2777.78, 2782.81, 2761.73, 2779.66
06/14/18, 2783.21, 2789.06, 2776.52, 2782.49
06/13/18, 2787.94, 2791.47, 2774.65, 2775.63
06/12/18, 2785.60, 2789.80, 2778.78, 2786.85
06/11/18, 2780.18, 2790.21, 2780.17, 2782.00
06/08/18, 2765.84, 2779.39, 2763.59, 2779.03
06/07/18, 2774.84, 2779.90, 2760.16, 2770.37
06/06/18, 2753.25, 2772.39, 2748.46, 2772.35
06/05/18, 2748.46, 2752.61, 2739.51, 2748.80
06/04/18, 2741.67, 2749.16, 2740.54, 2746.87
06/01/18, 2718.70, 2736.93, 2718.70, 2734.62
05/31/18, 2720.98, 2722.50, 2700.68, 2705.27
05/30/18, 2702.43, 2729.34, 2702.43, 2724.01
05/29/18, 2705.11, 2710.67, 2676.81, 2689.86
05/25/18, 2723.60, 2727.36, 2714.99, 2721.33
05/24/18, 2730.94, 2731.97, 2707.38, 2727.76
05/23/18, 2713.98, 2733.33, 2709.54, 2733.29
05/22/18, 2738.34, 2742.24, 2721.88, 2724.44
05/21/18, 2725.95, 2739.19, 2725.70, 2733.01
05/18/18, 2717.35, 2719.50, 2709.18, 2712.97
05/17/18, 2719.71, 2731.96, 2711.36, 2720.13
05/16/18, 2712.62, 2727.76, 2712.17, 2722.46
05/15/18, 2718.59, 2718.59, 2701.91, 2711.45
05/14/18, 2733.37, 2742.10, 2725.47, 2730.13
05/11/18, 2722.70, 2732.86, 2717.45, 2727.72
05/10/18, 2705.02, 2726.11, 2704.54, 2723.07
05/09/18, 2678.12, 2701.27, 2674.14, 2697.79
05/08/18, 2670.26, 2676.34, 2655.20, 2671.92
05/07/18, 2669.36, 2683.35, 2664.70, 2672.63
05/04/18, 2621.45, 2670.93, 2615.32, 2663.42
05/03/18, 2628.08, 2637.14, 2594.62, 2629.73
05/02/18, 2654.24, 2660.87, 2631.70, 2635.67
05/01/18, 2643.64, 2655.27, 2625.41, 2654.80
04/30/18, 2675.05, 2682.92, 2648.04, 2648.05
04/27/18, 2675.47, 2677.35, 2659.01, 2669.91
04/26/18, 2651.65, 2676.48, 2647.16, 2666.94
04/25/18, 2634.92, 2645.30, 2612.67, 2639.40
04/24/18, 2680.80, 2683.55, 2617.32, 2634.56
04/23/18, 2675.40, 2682.86, 2657.99, 2670.29
04/20/18, 2692.56, 2693.94, 2660.61, 2670.14
04/19/18, 2701.16, 2702.84, 2681.90, 2693.13
04/18/18, 2710.11, 2717.49, 2703.63, 2708.64
04/17/18, 2692.74, 2713.34, 2692.05, 2706.39
04/16/18, 2670.10, 2686.49, 2665.16, 2677.84
04/13/18, 2676.90, 2680.26, 2645.05, 2656.30
04/12/18, 2653.83, 2674.72, 2653.83, 2663.99
04/11/18, 2643.89, 2661.43, 2639.25, 2642.19
04/10/18, 2638.41, 2665.45, 2635.78, 2656.87
04/09/18, 2617.18, 2653.55, 2610.79, 2613.16
04/06/18, 2645.82, 2656.88, 2586.27, 2604.47
04/05/18, 2657.36, 2672.08, 2649.58, 2662.84
04/04/18, 2584.04, 2649.86, 2573.61, 2644.69
04/03/18, 2592.17, 2619.14, 2575.49, 2614.45
04/02/18, 2633.45, 2638.30, 2553.80, 2581.88
03/29/18, 2614.41, 2659.07, 2609.72, 2640.87
03/28/18, 2611.30, 2632.65, 2593.06, 2605.00
03/27/18, 2667.57, 2674.78, 2596.12, 2612.62
03/26/18, 2619.35, 2661.36, 2601.81, 2658.55
03/23/18, 2646.71, 2657.67, 2585.89, 2588.26
03/22/18, 2691.36, 2695.68, 2641.59, 2643.69
03/21/18, 2714.99, 2739.14, 2709.79, 2711.93
03/20/18, 2715.05, 2724.22, 2710.05, 2716.94
03/19/18, 2741.38, 2741.38, 2694.59, 2712.92
03/16/18, 2750.57, 2761.85, 2749.97, 2752.01
03/15/18, 2754.27, 2763.03, 2741.47, 2747.33
03/14/18, 2774.06, 2777.11, 2744.38, 2749.48
03/13/18, 2792.31, 2801.90, 2758.68, 2765.31
03/12/18, 2790.54, 2796.98, 2779.26, 2783.02
03/09/18, 2752.91, 2786.57, 2751.54, 2786.57
03/08/18, 2732.75, 2740.45, 2722.65, 2738.97
03/07/18, 2710.18, 2730.60, 2701.74, 2726.80
03/06/18, 2730.18, 2732.08, 2711.26, 2728.12
03/05/18, 2681.06, 2728.09, 2675.75, 2720.94
03/02/18, 2658.89, 2696.25, 2647.32, 2691.25
03/01/18, 2715.22, 2730.89, 2659.65, 2677.67
02/28/18, 2753.78, 2761.52, 2713.54, 2713.83
02/27/18, 2780.45, 2789.15, 2744.22, 2744.28
02/26/18, 2757.37, 2780.64, 2753.78, 2779.60
02/23/18, 2715.80, 2747.76, 2713.74, 2747.30
02/22/18, 2710.42, 2731.26, 2697.77, 2703.96
02/21/18, 2720.53, 2747.75, 2701.29, 2701.33
02/20/18, 2726.01, 2737.60, 2706.76, 2716.26
02/16/18, 2727.14, 2754.42, 2725.11, 2732.22
02/15/18, 2713.46, 2731.51, 2689.82, 2731.20
02/14/18, 2651.21, 2702.10, 2648.87, 2698.63
02/13/18, 2646.27, 2668.84, 2637.08, 2662.94
02/12/18, 2636.75, 2672.61, 2622.45, 2656.00
02/09/18, 2601.78, 2638.67, 2532.69, 2619.55
02/08/18, 2685.01, 2685.27, 2580.56, 2581.00
02/07/18, 2690.95, 2727.67, 2681.33, 2681.66
02/06/18, 2614.78, 2701.04, 2593.07, 2695.14
02/05/18, 2741.06, 2763.39, 2638.17, 2648.94
02/02/18, 2808.92, 2808.92, 2759.97, 2762.13
02/01/18, 2816.45, 2835.96, 2812.70, 2821.98
01/31/18, 2832.41, 2839.26, 2813.04, 2823.81
01/30/18, 2832.74, 2837.75, 2818.27, 2822.43
01/29/18, 2867.23, 2870.62, 2851.48, 2853.53
01/26/18, 2847.48, 2872.87, 2846.18, 2872.87
01/25/18, 2846.24, 2848.56, 2830.94, 2839.25
01/24/18, 2845.42, 2852.97, 2824.81, 2837.54
01/23/18, 2835.05, 2842.24, 2830.59, 2839.13
01/22/18, 2809.16, 2833.03, 2808.12, 2832.97
01/19/18, 2802.60, 2810.33, 2798.08, 2810.30
01/18/18, 2802.40, 2805.83, 2792.56, 2798.03
01/17/18, 2784.99, 2807.04, 2778.38, 2802.56
01/16/18, 2798.96, 2807.54, 2768.64, 2776.42
01/12/18, 2770.18, 2787.85, 2769.64, 2786.24
01/11/18, 2752.97, 2767.56, 2752.78, 2767.56
01/10/18, 2745.55, 2750.80, 2736.06, 2748.23
01/09/18, 2751.15, 2759.14, 2747.86, 2751.29
01/08/18, 2742.67, 2748.51, 2737.60, 2747.71
01/05/18, 2731.33, 2743.45, 2727.92, 2743.15
01/04/18, 2719.31, 2729.29, 2719.07, 2723.99
01/03/18, 2697.85, 2714.37, 2697.77, 2713.06
01/02/18, 2683.73, 2695.89, 2682.36, 2695.81
12/29/17, 2689.15, 2692.12, 2673.61, 2673.61
12/28/17, 2686.10, 2687.66, 2682.69, 2687.54
12/27/17, 2682.10, 2685.64, 2678.91, 2682.62
12/26/17, 2679.09, 2682.74, 2677.96, 2680.50
12/22/17, 2684.22, 2685.35, 2678.13, 2683.34
12/21/17, 2683.02, 2692.64, 2682.40, 2684.57
12/20/17, 2688.18, 2691.01, 2676.11, 2679.25
12/19/17, 2692.71, 2694.44, 2680.74, 2681.47
12/18/17, 2685.92, 2694.97, 2685.92, 2690.16
12/15/17, 2660.63, 2679.63, 2659.14, 2675.81
12/14/17, 2665.87, 2668.09, 2652.01, 2652.01
12/13/17, 2667.59, 2671.88, 2662.85, 2662.85
12/12/17, 2661.73, 2669.72, 2659.78, 2664.11
12/11/17, 2652.19, 2660.33, 2651.47, 2659.99
12/08/17, 2646.21, 2651.65, 2644.10, 2651.50
12/07/17, 2628.38, 2640.99, 2626.53, 2636.98
12/06/17, 2626.24, 2634.41, 2624.75, 2629.27
12/05/17, 2639.78, 2648.72, 2627.73, 2629.57
12/04/17, 2657.19, 2665.19, 2639.03, 2639.44
12/01/17, 2645.10, 2650.62, 2605.52, 2642.22
11/30/17, 2633.93, 2657.74, 2633.93, 2647.58
11/29/17, 2627.82, 2634.89, 2620.32, 2626.07
11/28/17, 2605.94, 2627.69, 2605.44, 2627.04
11/27/17, 2602.66, 2606.41, 2598.87, 2601.42
11/24/17, 2600.42, 2604.21, 2600.42, 2602.42
11/22/17, 2600.31, 2600.94, 2595.23, 2597.08
11/21/17, 2589.17, 2601.19, 2589.17, 2599.03
11/20/17, 2579.49, 2584.64, 2578.24, 2582.14
11/17/17, 2582.94, 2583.96, 2577.62, 2578.85
11/16/17, 2572.95, 2590.09, 2572.95, 2585.64
11/15/17, 2569.45, 2572.84, 2557.45, 2564.62
11/14/17, 2577.75, 2579.66, 2566.56, 2578.87
11/13/17, 2576.53, 2587.66, 2574.48, 2584.84
11/10/17, 2580.18, 2583.81, 2575.57, 2582.30
11/09/17, 2584.00, 2586.50, 2566.33, 2584.62
11/08/17, 2588.71, 2595.47, 2585.02, 2594.38
11/07/17, 2592.11, 2597.02, 2584.35, 2590.64
11/06/17, 2587.47, 2593.38, 2585.66, 2591.13
11/03/17, 2581.93, 2588.42, 2576.77, 2587.84
11/02/17, 2579.46, 2581.11, 2566.17, 2579.85
11/01/17, 2583.21, 2588.40, 2574.92, 2579.36
10/31/17, 2575.99, 2578.29, 2572.15, 2575.26
10/30/17, 2577.75, 2580.03, 2568.25, 2572.83
10/27/17, 2570.26, 2582.98, 2565.94, 2581.07
10/26/17, 2560.08, 2567.07, 2559.80, 2560.40
10/25/17, 2566.52, 2567.40, 2544.00, 2557.15
10/24/17, 2568.66, 2572.18, 2565.58, 2569.13
10/23/17, 2578.08, 2578.29, 2564.33, 2564.98
10/20/17, 2567.56, 2575.44, 2567.56, 2575.21
10/19/17, 2553.39, 2562.36, 2547.92, 2562.10
10/18/17, 2562.87, 2564.11, 2559.67, 2561.26
10/17/17, 2557.17, 2559.71, 2554.69, 2559.36
10/16/17, 2555.57, 2559.47, 2552.64, 2557.64
10/13/17, 2555.66, 2557.65, 2552.09, 2553.17
10/12/17, 2552.88, 2555.33, 2548.31, 2550.93
10/11/17, 2550.62, 2555.24, 2547.95, 2555.24
10/10/17, 2549.99, 2555.23, 2544.86, 2550.64
10/09/17, 2551.39, 2551.82, 2541.60, 2544.73
10/06/17, 2547.44, 2549.41, 2543.79, 2549.33
10/05/17, 2540.86, 2552.51, 2540.02, 2552.07
10/04/17, 2533.48, 2540.53, 2531.80, 2537.74
10/03/17, 2530.34, 2535.13, 2528.85, 2534.58
10/02/17, 2521.20, 2529.23, 2520.40, 2529.12
09/29/17, 2509.96, 2519.44, 2507.99, 2519.36
09/28/17, 2503.41, 2510.81, 2502.93, 2510.06
09/27/17, 2503.30, 2511.75, 2495.91, 2507.04
09/26/17, 2501.04, 2503.51, 2495.12, 2496.84
09/25/17, 2499.39, 2502.54, 2488.03, 2496.66
09/22/17, 2497.26, 2503.47, 2496.54, 2502.22
09/21/17, 2507.16, 2507.16, 2499.00, 2500.60
09/20/17, 2506.84, 2508.85, 2496.67, 2508.24
09/19/17, 2506.29, 2507.84, 2503.19, 2506.65
09/18/17, 2502.51, 2508.32, 2499.92, 2503.87
09/15/17, 2495.67, 2500.23, 2493.16, 2500.23
09/14/17, 2494.56, 2498.43, 2491.35, 2495.62
09/13/17, 2493.89, 2498.37, 2492.14, 2498.37
09/12/17, 2491.94, 2496.77, 2490.37, 2496.48
09/11/17, 2474.52, 2488.95, 2474.52, 2488.11
09/08/17, 2462.25, 2467.11, 2459.40, 2461.43
09/07/17, 2468.06, 2468.62, 2460.29, 2465.10
09/06/17, 2463.83, 2469.64, 2459.20, 2465.54
09/05/17, 2470.35, 2471.97, 2446.55, 2457.85
09/01/17, 2474.42, 2480.38, 2473.85, 2476.55
08/31/17, 2462.65, 2475.01, 2462.65, 2471.65
08/30/17, 2446.06, 2460.31, 2443.77, 2457.59
08/29/17, 2431.94, 2449.19, 2428.20, 2446.30
08/28/17, 2447.35, 2449.12, 2439.03, 2444.24
08/25/17, 2444.72, 2453.96, 2442.22, 2443.05
08/24/17, 2447.91, 2450.39, 2436.19, 2438.97
08/23/17, 2444.88, 2448.91, 2441.42, 2444.04
08/22/17, 2433.75, 2454.77, 2433.67, 2452.51
08/21/17, 2425.50, 2430.58, 2417.35, 2428.37
08/18/17, 2427.64, 2440.27, 2420.69, 2425.55
08/17/17, 2462.95, 2465.02, 2430.01, 2430.01
08/16/17, 2468.63, 2474.93, 2463.86, 2468.11
08/15/17, 2468.66, 2468.90, 2461.61, 2464.61
08/14/17, 2454.96, 2468.22, 2454.96, 2465.84
08/11/17, 2441.04, 2448.09, 2437.85, 2441.32
08/10/17, 2465.38, 2465.38, 2437.75, 2438.21
08/09/17, 2465.35, 2474.41, 2462.08, 2474.02
08/08/17, 2478.35, 2490.87, 2470.32, 2474.92
08/07/17, 2477.14, 2480.95, 2475.88, 2480.91
08/04/17, 2476.88, 2480.00, 2472.08, 2476.83
08/03/17, 2476.03, 2476.03, 2468.85, 2472.16
08/02/17, 2480.38, 2480.38, 2466.48, 2477.57
08/01/17, 2477.10, 2478.51, 2471.14, 2476.35
07/31/17, 2475.94, 2477.96, 2468.53, 2470.30
07/28/17, 2469.12, 2473.53, 2464.66, 2472.10
07/27/17, 2482.76, 2484.04, 2459.93, 2475.42
07/26/17, 2479.97, 2481.69, 2474.94, 2477.83
07/25/17, 2477.88, 2481.24, 2474.91, 2477.13
07/24/17, 2472.04, 2473.10, 2466.32, 2469.91
07/21/17, 2467.40, 2472.54, 2465.06, 2472.54
07/20/17, 2475.56, 2477.62, 2468.43, 2473.45
07/19/17, 2463.85, 2473.83, 2463.85, 2473.83
07/18/17, 2455.88, 2460.92, 2450.34, 2460.61
07/17/17, 2459.50, 2462.82, 2457.16, 2459.14
07/14/17, 2449.16, 2463.54, 2446.69, 2459.27
07/13/17, 2444.99, 2449.32, 2441.69, 2447.83
07/12/17, 2435.75, 2445.76, 2435.75, 2443.25
07/11/17, 2427.35, 2429.30, 2412.79, 2425.53
07/10/17, 2424.51, 2432.00, 2422.27, 2427.43
07/07/17, 2413.52, 2426.92, 2413.52, 2425.18
07/06/17, 2423.44, 2424.28, 2407.70, 2409.75
07/05/17, 2430.78, 2434.90, 2422.05, 2432.54
07/03/17, 2431.39, 2439.17, 2428.69, 2429.01
06/30/17, 2429.20, 2432.71, 2421.65, 2423.41
06/29/17, 2442.38, 2442.73, 2405.70, 2419.70
06/28/17, 2428.70, 2442.97, 2428.02, 2440.69
06/27/17, 2436.34, 2440.15, 2419.38, 2419.38
06/26/17, 2443.32, 2450.42, 2437.03, 2439.07
06/23/17, 2434.65, 2441.40, 2431.11, 2438.30
06/22/17, 2437.40, 2441.62, 2433.27, 2434.50
06/21/17, 2439.31, 2442.23, 2430.74, 2435.61
06/20/17, 2450.66, 2450.66, 2436.60, 2437.03
06/19/17, 2442.55, 2453.82, 2441.79, 2453.46
06/16/17, 2431.24, 2433.15, 2422.88, 2433.15
06/15/17, 2424.14, 2433.95, 2418.53, 2432.46
06/14/17, 2443.75, 2443.75, 2428.34, 2437.92
06/13/17, 2434.15, 2441.49, 2431.28, 2440.35
06/12/17, 2425.88, 2430.38, 2419.97, 2429.39
06/09/17, 2436.39, 2446.20, 2415.70, 2431.77
06/08/17, 2434.27, 2439.27, 2427.94, 2433.79
06/07/17, 2432.03, 2435.28, 2424.75, 2433.14
06/06/17, 2431.92, 2436.21, 2428.12, 2429.33
06/05/17, 2437.83, 2439.55, 2434.32, 2436.10
06/02/17, 2431.28, 2440.23, 2427.71, 2439.07
06/01/17, 2415.65, 2430.06, 2413.54, 2430.06
05/31/17, 2415.63, 2415.99, 2403.59, 2411.80
05/30/17, 2411.67, 2415.26, 2409.43, 2412.91
05/26/17, 2414.50, 2416.68, 2412.20, 2415.82
05/25/17, 2409.54, 2418.71, 2408.01, 2415.07
05/24/17, 2401.41, 2405.58, 2397.99, 2404.39
05/23/17, 2397.04, 2400.85, 2393.88, 2398.42
05/22/17, 2387.21, 2395.46, 2386.92, 2394.02
05/19/17, 2371.37, 2389.06, 2370.43, 2381.73
05/18/17, 2354.69, 2375.74, 2352.72, 2365.72
05/17/17, 2382.95, 2384.87, 2356.21, 2357.03
05/16/17, 2404.55, 2405.77, 2396.05, 2400.67
05/15/17, 2393.98, 2404.05, 2393.94, 2402.32
05/12/17, 2392.44, 2392.44, 2387.19, 2390.90
05/11/17, 2394.84, 2395.72, 2381.74, 2394.44
05/10/17, 2396.79, 2399.74, 2392.79, 2399.63
05/09/17, 2401.58, 2403.87, 2392.44, 2396.92
05/08/17, 2399.94, 2401.36, 2393.92, 2399.38
05/05/17, 2392.37, 2399.29, 2389.38, 2399.29
05/04/17, 2389.79, 2391.43, 2380.35, 2389.52
05/03/17, 2386.50, 2389.82, 2379.75, 2388.13
05/02/17, 2391.05, 2392.93, 2385.82, 2391.17
05/01/17, 2388.50, 2394.49, 2384.83, 2388.33
04/28/17, 2393.68, 2393.68, 2382.36, 2384.20
04/27/17, 2389.70, 2392.10, 2382.68, 2388.77
04/26/17, 2388.98, 2398.16, 2386.76, 2387.45
04/25/17, 2381.51, 2392.48, 2381.15, 2388.61
04/24/17, 2370.33, 2376.98, 2369.19, 2374.15
04/21/17, 2354.74, 2356.18, 2344.51, 2348.69
04/20/17, 2342.69, 2361.37, 2340.91, 2355.84
04/19/17, 2346.79, 2352.63, 2335.05, 2338.17
04/18/17, 2342.53, 2348.35, 2334.54, 2342.19
04/17/17, 2332.62, 2349.14, 2332.51, 2349.01
04/13/17, 2341.98, 2348.26, 2328.95, 2328.95
04/12/17, 2352.15, 2352.72, 2341.18, 2344.93
04/11/17, 2353.92, 2355.22, 2337.25, 2353.78
04/10/17, 2357.16, 2366.37, 2351.50, 2357.16
04/07/17, 2356.59, 2363.76, 2350.74, 2355.54
04/06/17, 2353.79, 2364.16, 2348.90, 2357.49
04/05/17, 2366.59, 2378.36, 2350.52, 2352.95
04/04/17, 2354.76, 2360.53, 2350.72, 2360.16
04/03/17, 2362.34, 2365.87, 2344.73, 2358.84
03/31/17, 2364.82, 2370.35, 2362.60, 2362.72
03/30/17, 2361.31, 2370.42, 2358.58, 2368.06
03/29/17, 2356.54, 2363.36, 2352.94, 2361.13
03/28/17, 2339.79, 2363.78, 2337.63, 2358.57
03/27/17, 2329.11, 2344.90, 2322.25, 2341.59
03/24/17, 2350.42, 2356.22, 2335.74, 2343.98
03/23/17, 2345.97, 2358.92, 2342.13, 2345.96
03/22/17, 2343.00, 2351.81, 2336.45, 2348.45
03/21/17, 2379.32, 2381.93, 2341.90, 2344.02
03/20/17, 2378.24, 2379.55, 2369.66, 2373.47
03/17/17, 2383.71, 2385.71, 2377.64, 2378.25
03/16/17, 2387.71, 2388.10, 2377.18, 2381.38
03/15/17, 2370.34, 2390.01, 2368.94, 2385.26
03/14/17, 2368.55, 2368.55, 2358.18, 2365.45
03/13/17, 2371.56, 2374.42, 2368.52, 2373.47
03/10/17, 2372.52, 2376.86, 2363.04, 2372.60
03/09/17, 2363.49, 2369.08, 2354.54, 2364.87
03/08/17, 2369.81, 2373.09, 2361.01, 2362.98
03/07/17, 2370.74, 2375.12, 2365.51, 2368.39
03/06/17, 2375.23, 2378.80, 2367.98, 2375.31
03/03/17, 2380.92, 2383.89, 2375.39, 2383.12
03/02/17, 2394.75, 2394.75, 2380.17, 2381.92
03/01/17, 2380.13, 2400.98, 2380.13, 2395.96
02/28/17, 2366.08, 2367.79, 2358.96, 2363.64
02/27/17, 2365.23, 2371.54, 2361.87, 2369.75
02/24/17, 2355.73, 2367.34, 2352.87, 2367.34
02/23/17, 2367.50, 2368.26, 2355.09, 2363.81
02/22/17, 2361.11, 2365.13, 2358.34, 2362.82
02/21/17, 2354.91, 2366.71, 2354.91, 2365.38
02/17/17, 2343.01, 2351.16, 2339.58, 2351.16
02/16/17, 2349.64, 2351.31, 2338.87, 2347.22
02/15/17, 2335.58, 2351.30, 2334.81, 2349.25
02/14/17, 2326.12, 2337.58, 2322.17, 2337.58
02/13/17, 2321.72, 2331.58, 2321.42, 2328.25
02/10/17, 2312.27, 2319.23, 2311.10, 2316.10
02/09/17, 2296.70, 2311.08, 2296.61, 2307.87
02/08/17, 2289.55, 2295.91, 2285.38, 2294.67
02/07/17, 2295.87, 2299.40, 2290.16, 2293.08
02/06/17, 2294.28, 2296.18, 2288.57, 2292.56
02/03/17, 2288.54, 2298.31, 2287.88, 2297.42
02/02/17, 2276.69, 2283.97, 2271.65, 2280.85
02/01/17, 2285.59, 2289.14, 2272.44, 2279.55
01/31/17, 2274.02, 2279.09, 2267.21, 2278.87
01/30/17, 2286.01, 2286.01, 2268.04, 2280.90
01/27/17, 2299.02, 2299.02, 2291.62, 2294.69
01/26/17, 2298.63, 2300.99, 2294.08, 2296.68
01/25/17, 2288.88, 2299.55, 2288.88, 2298.37
01/24/17, 2267.88, 2284.63, 2266.68, 2280.07
01/23/17, 2267.78, 2271.78, 2257.02, 2265.20
01/20/17, 2269.96, 2276.96, 2265.01, 2271.31
01/19/17, 2271.90, 2274.33, 2258.41, 2263.69
01/18/17, 2269.14, 2272.01, 2263.35, 2271.89
01/17/17, 2269.14, 2272.08, 2262.81, 2267.89
01/13/17, 2272.74, 2278.68, 2271.51, 2274.64
01/12/17, 2271.14, 2271.78, 2254.25, 2270.44
01/11/17, 2268.60, 2275.32, 2260.83, 2275.32
01/10/17, 2269.72, 2279.27, 2265.27, 2268.90
01/09/17, 2273.59, 2275.49, 2268.90, 2268.90
01/06/17, 2271.14, 2282.10, 2264.06, 2276.98
01/05/17, 2268.18, 2271.50, 2260.45, 2269.00
01/04/17, 2261.60, 2272.82, 2261.60, 2270.75
01/03/17, 2251.57, 2263.88, 2245.13, 2257.83
12/30/16, 2251.61, 2253.58, 2233.62, 2238.83
12/29/16, 2249.50, 2254.51, 2244.56, 2249.26
12/28/16, 2270.23, 2271.31, 2249.11, 2249.92
12/27/16, 2266.23, 2273.82, 2266.15, 2268.88
12/23/16, 2260.25, 2263.79, 2258.84, 2263.79
12/22/16, 2262.93, 2263.18, 2256.08, 2260.96
12/21/16, 2270.54, 2271.23, 2265.15, 2265.18
12/20/16, 2266.50, 2272.56, 2266.14, 2270.76
12/19/16, 2259.24, 2267.47, 2258.21, 2262.53
12/16/16, 2266.81, 2268.05, 2254.24, 2258.07
12/15/16, 2253.77, 2272.12, 2253.77, 2262.03
12/14/16, 2268.35, 2276.20, 2248.44, 2253.28
12/13/16, 2263.32, 2277.53, 2263.32, 2271.72
12/12/16, 2258.83, 2264.03, 2252.37, 2256.96
12/09/16, 2249.73, 2259.80, 2249.23, 2259.53
12/08/16, 2241.13, 2251.69, 2237.57, 2246.19
12/07/16, 2210.72, 2241.63, 2208.93, 2241.35
12/06/16, 2207.26, 2212.78, 2202.21, 2212.23
12/05/16, 2200.65, 2209.42, 2199.97, 2204.71
12/02/16, 2191.12, 2197.95, 2188.37, 2191.95
12/01/16, 2200.17, 2202.60, 2187.44, 2191.08
11/30/16, 2204.97, 2214.10, 2198.81, 2198.81
11/29/16, 2200.76, 2210.46, 2198.15, 2204.66
11/28/16, 2210.21, 2211.14, 2200.36, 2201.72
11/25/16, 2206.27, 2213.35, 2206.27, 2213.35
11/23/16, 2198.55, 2204.72, 2194.51, 2204.72
11/22/16, 2201.56, 2204.80, 2194.51, 2202.94
11/21/16, 2186.43, 2198.70, 2186.43, 2198.18
11/18/16, 2186.85, 2189.89, 2180.38, 2181.90
11/17/16, 2178.61, 2188.06, 2176.65, 2187.12
11/16/16, 2177.53, 2179.22, 2172.20, 2176.94
11/15/16, 2168.29, 2180.84, 2166.38, 2180.39
11/14/16, 2165.64, 2171.36, 2156.08, 2164.20
11/11/16, 2162.71, 2165.92, 2152.49, 2164.45
11/10/16, 2167.49, 2182.30, 2151.17, 2167.48
11/09/16, 2131.56, 2170.10, 2125.35, 2163.26
11/08/16, 2129.92, 2146.87, 2123.56, 2139.56
11/07/16, 2100.59, 2132.00, 2100.59, 2131.52
11/04/16, 2083.79, 2099.07, 2083.79, 2085.18
11/03/16, 2098.80, 2102.56, 2085.23, 2088.66
11/02/16, 2109.43, 2111.76, 2094.00, 2097.94
11/01/16, 2128.68, 2131.45, 2097.85, 2111.72
10/31/16, 2129.78, 2133.25, 2125.53, 2126.15
10/28/16, 2132.23, 2140.72, 2119.36, 2126.41
10/27/16, 2144.06, 2147.13, 2132.52, 2133.04
10/26/16, 2136.97, 2145.73, 2131.59, 2139.43
10/25/16, 2149.72, 2151.44, 2141.93, 2143.16
10/24/16, 2148.50, 2154.79, 2146.91, 2151.33
10/21/16, 2139.43, 2142.63, 2130.09, 2141.16
10/20/16, 2142.51, 2147.18, 2133.44, 2141.34
10/19/16, 2140.81, 2148.44, 2138.15, 2144.29
10/18/16, 2138.31, 2144.38, 2135.49, 2139.60
10/17/16, 2132.95, 2135.61, 2124.43, 2126.50
10/14/16, 2139.68, 2149.19, 2132.98, 2132.98
10/13/16, 2130.26, 2138.19, 2114.74, 2132.55
10/12/16, 2137.67, 2145.36, 2132.77, 2139.18
10/11/16, 2161.35, 2161.56, 2128.84, 2136.73
10/10/16, 2160.39, 2169.60, 2160.39, 2163.66
10/07/16, 2164.19, 2165.86, 2144.85, 2153.74
10/06/16, 2158.22, 2162.93, 2150.28, 2160.77
10/05/16, 2155.15, 2163.95, 2155.15, 2159.73
10/04/16, 2163.37, 2165.46, 2144.01, 2150.49
10/03/16, 2164.33, 2164.41, 2154.77, 2161.20
09/30/16, 2156.51, 2175.30, 2156.51, 2168.27
09/29/16, 2168.90, 2172.67, 2145.20, 2151.13
09/28/16, 2161.85, 2172.40, 2151.79, 2171.37
09/27/16, 2146.04, 2161.13, 2141.55, 2159.93
09/26/16, 2158.54, 2158.54, 2145.04, 2146.10
09/23/16, 2173.29, 2173.75, 2163.97, 2164.69
09/22/16, 2170.94, 2179.99, 2170.94, 2177.18
09/21/16, 2144.58, 2165.11, 2139.57, 2163.12
09/20/16, 2145.94, 2150.80, 2139.17, 2139.76
09/19/16, 2143.99, 2153.61, 2135.91, 2139.12
09/16/16, 2146.48, 2146.48, 2131.20, 2139.16
09/15/16, 2125.36, 2151.31, 2122.36, 2147.26
09/14/16, 2127.86, 2141.33, 2119.90, 2125.77
09/13/16, 2150.47, 2150.47, 2120.27, 2127.02
09/12/16, 2120.86, 2163.30, 2119.12, 2159.04
09/09/16, 2169.08, 2169.08, 2127.81, 2127.81
09/08/16, 2182.76, 2184.94, 2177.49, 2181.30
09/07/16, 2185.17, 2187.87, 2179.07, 2186.16
09/06/16, 2181.61, 2186.57, 2175.10, 2186.48
09/02/16, 2177.49, 2184.87, 2173.59, 2179.98
09/01/16, 2171.33, 2173.56, 2157.09, 2170.86
08/31/16, 2173.56, 2173.79, 2161.35, 2170.95
08/30/16, 2179.45, 2182.27, 2170.41, 2176.12
08/29/16, 2170.19, 2183.48, 2170.19, 2180.38
08/26/16, 2175.10, 2187.94, 2160.39, 2169.04
08/25/16, 2173.29, 2179.00, 2169.74, 2172.47
08/24/16, 2185.09, 2186.66, 2171.25, 2175.44
08/23/16, 2187.81, 2193.42, 2186.80, 2186.90
08/22/16, 2181.58, 2185.15, 2175.96, 2182.64
08/19/16, 2184.24, 2185.00, 2175.13, 2183.87
08/18/16, 2181.90, 2187.03, 2180.46, 2187.02
08/17/16, 2177.84, 2183.08, 2168.50, 2182.22
08/16/16, 2186.24, 2186.24, 2178.14, 2178.15
08/15/16, 2186.08, 2193.81, 2186.08, 2190.15
08/12/16, 2183.74, 2186.28, 2179.42, 2184.05
08/11/16, 2177.97, 2188.45, 2177.97, 2185.79
08/10/16, 2182.81, 2183.41, 2172.00, 2175.49
08/09/16, 2182.24, 2187.66, 2178.61, 2181.74
08/08/16, 2183.76, 2185.44, 2177.85, 2180.89
08/05/16, 2168.79, 2182.87, 2168.79, 2182.87
08/04/16, 2163.51, 2168.19, 2159.07, 2164.25
08/03/16, 2156.81, 2163.79, 2152.56, 2163.79
08/02/16, 2169.94, 2170.20, 2147.58, 2157.03
08/01/16, 2173.15, 2178.29, 2166.21, 2170.84
07/29/16, 2168.83, 2177.09, 2163.49, 2173.60
07/28/16, 2166.05, 2172.85, 2159.74, 2170.06
07/27/16, 2169.81, 2174.98, 2159.07, 2166.58
07/26/16, 2168.97, 2173.54, 2160.18, 2169.18
07/25/16, 2173.71, 2173.71, 2161.95, 2168.48
07/22/16, 2166.47, 2175.11, 2163.24, 2175.03
07/21/16, 2172.91, 2174.56, 2159.75, 2165.17
07/20/16, 2166.10, 2175.63, 2164.89, 2173.02
07/19/16, 2163.79, 2164.63, 2159.01, 2163.78
07/18/16, 2162.04, 2168.35, 2159.63, 2166.89
07/15/16, 2165.13, 2169.05, 2155.79, 2161.74
07/14/16, 2157.88, 2168.99, 2157.88, 2163.75
07/13/16, 2153.81, 2156.45, 2146.21, 2152.43
07/12/16, 2139.50, 2155.40, 2139.50, 2152.14
07/11/16, 2131.72, 2143.16, 2131.72, 2137.16
07/08/16, 2106.97, 2131.71, 2106.97, 2129.90
07/07/16, 2100.42, 2109.08, 2089.39, 2097.90
07/06/16, 2084.43, 2100.72, 2074.02, 2099.73
07/05/16, 2095.05, 2095.05, 2080.86, 2088.55
07/01/16, 2099.34, 2108.71, 2097.90, 2102.95
06/30/16, 2073.17, 2098.94, 2070.00, 2098.86
06/29/16, 2042.69, 2073.13, 2042.69, 2070.77
06/28/16, 2006.67, 2036.09, 2006.67, 2036.09
06/27/16, 2031.45, 2031.45, 1991.68, 2000.54
06/24/16, 2103.81, 2103.81, 2032.57, 2037.41
06/23/16, 2092.80, 2113.32, 2092.80, 2113.32
06/22/16, 2089.75, 2099.71, 2084.36, 2085.45
06/21/16, 2085.19, 2093.66, 2083.02, 2088.90
06/20/16, 2075.58, 2100.66, 2075.58, 2083.25
06/17/16, 2078.20, 2078.20, 2062.84, 2071.22
06/16/16, 2066.36, 2079.62, 2050.37, 2077.99
06/15/16, 2077.60, 2085.65, 2069.80, 2071.50
06/14/16, 2076.65, 2081.30, 2064.10, 2075.32
06/13/16, 2091.75, 2098.12, 2078.46, 2079.06
06/10/16, 2109.57, 2109.57, 2089.96, 2096.07
06/09/16, 2115.65, 2117.64, 2107.73, 2115.48
06/08/16, 2112.71, 2120.55, 2112.71, 2119.12
06/07/16, 2110.18, 2119.22, 2110.18, 2112.13
06/06/16, 2100.83, 2113.36, 2100.83, 2109.41
06/03/16, 2104.07, 2104.07, 2085.36, 2099.13
06/02/16, 2097.71, 2105.26, 2088.59, 2105.26
06/01/16, 2093.94, 2100.97, 2085.10, 2099.33
05/31/16, 2100.13, 2103.48, 2088.66, 2096.96
05/27/16, 2090.06, 2099.06, 2090.06, 2099.06
05/26/16, 2091.44, 2094.30, 2087.08, 2090.10
05/25/16, 2078.93, 2094.73, 2078.93, 2090.54
05/24/16, 2052.65, 2079.67, 2052.65, 2076.06
05/23/16, 2052.23, 2055.58, 2047.26, 2048.04
05/20/16, 2041.88, 2058.35, 2041.88, 2052.32
05/19/16, 2044.21, 2044.21, 2025.91, 2040.04
05/18/16, 2044.38, 2060.61, 2034.49, 2047.63
05/17/16, 2065.04, 2065.69, 2040.82, 2047.21
05/16/16, 2046.53, 2071.88, 2046.53, 2066.66
05/13/16, 2062.50, 2066.79, 2043.13, 2046.61
05/12/16, 2067.17, 2073.99, 2053.13, 2064.11
05/11/16, 2083.29, 2083.29, 2064.46, 2064.46
05/10/16, 2062.63, 2084.87, 2062.63, 2084.39
05/09/16, 2057.55, 2064.15, 2054.31, 2058.69
05/06/16, 2047.77, 2057.72, 2039.45, 2057.14
05/05/16, 2052.95, 2060.23, 2045.77, 2050.63
05/04/16, 2060.30, 2060.30, 2045.55, 2051.12
05/03/16, 2077.18, 2077.18, 2054.89, 2063.37
05/02/16, 2067.17, 2083.42, 2066.11, 2081.43
04/29/16, 2071.82, 2073.85, 2052.28, 2065.30
04/28/16, 2090.93, 2099.30, 2071.62, 2075.81
04/27/16, 2092.33, 2099.89, 2082.31, 2095.15
04/26/16, 2089.84, 2096.87, 2085.80, 2091.70
04/25/16, 2089.37, 2089.37, 2077.52, 2087.79
04/22/16, 2091.49, 2094.32, 2081.20, 2091.58
04/21/16, 2102.09, 2103.78, 2088.52, 2091.48
04/20/16, 2101.52, 2111.05, 2096.32, 2102.40
04/19/16, 2096.05, 2104.05, 2091.68, 2100.80
04/18/16, 2078.83, 2094.66, 2073.65, 2094.34
04/15/16, 2083.10, 2083.22, 2076.31, 2080.73
04/14/16, 2082.89, 2087.84, 2078.13, 2082.78
04/13/16, 2065.92, 2083.18, 2065.92, 2082.42
04/12/16, 2043.72, 2065.05, 2039.74, 2061.72
04/11/16, 2050.23, 2062.93, 2041.88, 2041.99
04/08/16, 2045.54, 2060.63, 2041.69, 2047.60
04/07/16, 2063.01, 2063.01, 2033.80, 2041.91
04/06/16, 2045.56, 2067.33, 2043.09, 2066.66
04/05/16, 2062.50, 2062.50, 2042.56, 2045.17
04/04/16, 2073.19, 2074.02, 2062.57, 2066.13
04/01/16, 2056.62, 2075.07, 2043.98, 2072.78
03/31/16, 2063.77, 2067.92, 2057.46, 2059.74
03/30/16, 2058.27, 2072.21, 2058.27, 2063.95
03/29/16, 2035.75, 2055.91, 2028.31, 2055.01
03/28/16, 2037.89, 2042.67, 2031.96, 2037.05
03/24/16, 2032.48, 2036.04, 2022.49, 2035.94
03/23/16, 2048.55, 2048.55, 2034.86, 2036.71
03/22/16, 2048.64, 2056.60, 2040.57, 2049.80
03/21/16, 2047.88, 2053.91, 2043.14, 2051.60
03/18/16, 2041.16, 2052.36, 2041.16, 2049.58
03/17/16, 2026.90, 2046.24, 2022.16, 2040.59
03/16/16, 2014.24, 2032.02, 2010.04, 2027.22
03/15/16, 2015.27, 2015.94, 2005.23, 2015.93
03/14/16, 2019.27, 2024.57, 2012.05, 2019.64
03/11/16, 1994.71, 2022.37, 1994.71, 2022.19
03/10/16, 1990.97, 2005.08, 1969.25, 1989.57
03/09/16, 1981.44, 1992.69, 1979.84, 1989.26
03/08/16, 1996.88, 1996.88, 1977.43, 1979.26
03/07/16, 1996.11, 2006.12, 1989.38, 2001.76
03/04/16, 1994.01, 2009.13, 1986.77, 1999.99
03/03/16, 1985.60, 1993.69, 1977.37, 1993.40
03/02/16, 1976.60, 1986.51, 1968.80, 1986.45
03/01/16, 1937.09, 1978.35, 1937.09, 1978.35
02/29/16, 1947.13, 1958.27, 1931.81, 1932.23
02/26/16, 1954.95, 1962.96, 1945.78, 1948.05
02/25/16, 1931.87, 1951.83, 1925.41, 1951.70
02/24/16, 1917.56, 1932.08, 1891.00, 1929.80
02/23/16, 1942.38, 1942.38, 1919.44, 1921.27
02/22/16, 1924.44, 1946.70, 1924.44, 1945.50
02/19/16, 1916.74, 1918.78, 1902.17, 1917.78
02/18/16, 1927.57, 1930.00, 1915.09, 1917.83
02/17/16, 1898.80, 1930.68, 1898.80, 1926.82
02/16/16, 1871.44, 1895.77, 1871.44, 1895.58
02/12/16, 1833.40, 1864.78, 1833.40, 1864.78
02/11/16, 1847.00, 1847.00, 1810.10, 1829.08
02/10/16, 1857.10, 1881.60, 1850.32, 1851.86
02/09/16, 1848.46, 1868.25, 1834.94, 1852.21
02/08/16, 1873.25, 1873.25, 1828.46, 1853.44
02/05/16, 1913.07, 1913.07, 1872.65, 1880.05
02/04/16, 1911.67, 1927.35, 1900.52, 1915.45
02/03/16, 1907.07, 1918.01, 1872.23, 1912.53
02/02/16, 1935.26, 1935.26, 1897.29, 1903.03
02/01/16, 1936.94, 1947.20, 1920.30, 1939.38
01/29/16, 1894.00, 1940.24, 1894.00, 1940.24
01/28/16, 1885.22, 1902.96, 1873.65, 1893.36
01/27/16, 1902.52, 1916.99, 1872.70, 1882.95
01/26/16, 1878.79, 1906.73, 1878.79, 1903.63
01/25/16, 1906.28, 1906.28, 1875.97, 1877.08
01/22/16, 1877.40, 1908.85, 1877.40, 1906.90
01/21/16, 1861.46, 1889.85, 1848.98, 1868.99
01/20/16, 1876.18, 1876.18, 1812.29, 1859.33
01/19/16, 1888.66, 1901.44, 1864.60, 1881.33
01/15/16, 1916.68, 1916.68, 1857.83, 1880.33
01/14/16, 1891.68, 1934.47, 1878.93, 1921.84
01/13/16, 1940.34, 1950.33, 1886.41, 1890.28
01/12/16, 1927.83, 1947.38, 1914.35, 1938.68
01/11/16, 1926.12, 1935.65, 1901.10, 1923.67
01/08/16, 1945.97, 1960.40, 1918.46, 1922.03
01/07/16, 1985.32, 1985.32, 1938.83, 1943.09
01/06/16, 2011.71, 2011.71, 1979.05, 1990.26
01/05/16, 2013.78, 2021.94, 2004.17, 2016.71
01/04/16, 2038.20, 2038.20, 1989.68, 2012.66
12/31/15, 2060.59, 2062.54, 2043.62, 2043.94
12/30/15, 2077.34, 2077.34, 2061.97, 2063.36
12/29/15, 2060.54, 2081.56, 2060.54, 2078.36
12/28/15, 2057.77, 2057.77, 2044.20, 2056.50
12/24/15, 2063.52, 2067.36, 2058.73, 2060.99
12/23/15, 2042.20, 2064.73, 2042.20, 2064.29
12/22/15, 2023.15, 2042.74, 2020.49, 2038.97
12/21/15, 2010.27, 2022.90, 2005.93, 2021.15
12/18/15, 2040.81, 2040.81, 2005.33, 2005.55
12/17/15, 2073.76, 2076.37, 2041.66, 2041.89
12/16/15, 2046.50, 2076.72, 2042.43, 2073.07
12/15/15, 2025.55, 2053.87, 2025.55, 2043.41
12/14/15, 2013.37, 2022.92, 1993.26, 2021.94
12/11/15, 2047.27, 2047.27, 2008.80, 2012.37
12/10/15, 2047.93, 2067.65, 2045.67, 2052.23
12/09/15, 2061.17, 2080.33, 2036.53, 2047.62
12/08/15, 2073.39, 2073.85, 2052.32, 2063.59
12/07/15, 2090.42, 2090.42, 2066.78, 2077.07
12/04/15, 2051.24, 2093.84, 2051.24, 2091.69
12/03/15, 2080.71, 2085.00, 2042.35, 2049.62
12/02/15, 2101.71, 2104.27, 2077.11, 2079.51
12/01/15, 2082.93, 2103.37, 2082.93, 2102.63
11/30/15, 2090.95, 2093.81, 2080.41, 2080.41
11/27/15, 2088.82, 2093.29, 2084.13, 2090.11
11/25/15, 2089.30, 2093.00, 2086.30, 2088.87
11/24/15, 2084.42, 2094.12, 2070.29, 2089.14
11/23/15, 2089.41, 2095.61, 2081.39, 2086.59
11/20/15, 2082.82, 2097.06, 2082.82, 2089.17
11/19/15, 2083.70, 2086.74, 2078.76, 2081.24
11/18/15, 2051.99, 2085.31, 2051.99, 2083.58
11/17/15, 2053.67, 2066.69, 2045.90, 2050.44
11/16/15, 2022.08, 2053.22, 2019.39, 2053.19
11/13/15, 2044.64, 2044.64, 2022.02, 2023.04
11/12/15, 2072.29, 2072.29, 2045.66, 2045.97
11/11/15, 2083.41, 2086.94, 2074.85, 2075.00
11/10/15, 2077.19, 2083.67, 2069.91, 2081.72
11/09/15, 2096.56, 2096.56, 2068.24, 2078.58
11/06/15, 2098.60, 2101.91, 2083.74, 2099.20
11/05/15, 2101.68, 2108.78, 2090.41, 2099.93
11/04/15, 2110.60, 2114.59, 2096.98, 2102.31
11/03/15, 2102.63, 2116.48, 2097.51, 2109.79
11/02/15, 2080.76, 2106.20, 2080.76, 2104.05
10/30/15, 2090.00, 2094.32, 2079.34, 2079.36
10/29/15, 2088.35, 2092.52, 2082.63, 2089.41
10/28/15, 2066.48, 2090.35, 2063.11, 2090.35
10/27/15, 2068.75, 2070.37, 2058.84, 2065.89
10/26/15, 2075.08, 2075.14, 2066.53, 2071.18
10/23/15, 2058.19, 2079.74, 2058.19, 2075.15
10/22/15, 2021.88, 2055.20, 2021.88, 2052.51
10/21/15, 2033.47, 2037.97, 2017.22, 2018.94
10/20/15, 2033.13, 2039.12, 2026.61, 2030.77
10/19/15, 2031.73, 2034.45, 2022.31, 2033.66
10/16/15, 2024.37, 2033.54, 2020.46, 2033.11
10/15/15, 1996.47, 2024.15, 1996.47, 2023.86
10/14/15, 2003.66, 2009.56, 1990.73, 1994.24
10/13/15, 2015.00, 2022.34, 2001.78, 2003.69
10/12/15, 2015.65, 2018.66, 2010.55, 2017.46
10/09/15, 2013.73, 2020.13, 2007.61, 2014.89
10/08/15, 1994.01, 2016.50, 1987.53, 2013.43
10/07/15, 1982.34, 1999.31, 1976.44, 1995.83
10/06/15, 1986.63, 1991.62, 1971.99, 1979.92
10/05/15, 1954.33, 1989.17, 1954.33, 1987.05
10/02/15, 1921.77, 1951.36, 1893.70, 1951.36
10/01/15, 1919.65, 1927.21, 1900.70, 1923.82
09/30/15, 1887.14, 1920.53, 1887.14, 1920.03
09/29/15, 1881.90, 1899.48, 1871.91, 1884.09
09/28/15, 1929.18, 1929.18, 1879.21, 1881.77
09/25/15, 1935.93, 1952.89, 1921.50, 1931.34
09/24/15, 1934.81, 1937.17, 1908.92, 1932.24
09/23/15, 1943.24, 1949.52, 1932.57, 1938.76
09/22/15, 1961.39, 1961.39, 1929.22, 1942.74
09/21/15, 1960.84, 1979.64, 1955.80, 1966.97
09/18/15, 1989.66, 1989.66, 1953.45, 1958.03
09/17/15, 1995.33, 2020.86, 1986.73, 1990.20
09/16/15, 1978.02, 1997.26, 1977.93, 1995.31
09/15/15, 1955.10, 1983.19, 1954.30, 1978.09
09/14/15, 1963.06, 1963.06, 1948.27, 1953.03
09/11/15, 1951.45, 1961.05, 1939.19, 1961.05
09/10/15, 1941.59, 1965.29, 1937.19, 1952.29
09/09/15, 1971.45, 1988.63, 1937.88, 1942.04
09/08/15, 1927.30, 1970.42, 1927.30, 1969.41
09/04/15, 1947.76, 1947.76, 1911.21, 1921.22
09/03/15, 1950.79, 1975.01, 1944.72, 1951.13
09/02/15, 1916.52, 1948.91, 1916.52, 1948.86
09/01/15, 1970.09, 1970.09, 1903.07, 1913.85
08/31/15, 1986.73, 1986.73, 1965.98, 1972.18
08/28/15, 1986.06, 1993.48, 1975.19, 1988.87
08/27/15, 1942.77, 1989.60, 1942.77, 1987.66
08/26/15, 1872.75, 1943.09, 1872.75, 1940.51
08/25/15, 1898.08, 1948.04, 1867.08, 1867.61
08/24/15, 1965.15, 1965.15, 1867.01, 1893.21
08/21/15, 2034.08, 2034.08, 1970.89, 1970.89
08/20/15, 2076.61, 2076.61, 2035.73, 2035.73
08/19/15, 2095.69, 2096.17, 2070.53, 2079.61
08/18/15, 2101.99, 2103.47, 2094.14, 2096.92
08/17/15, 2089.70, 2102.87, 2079.30, 2102.44
08/14/15, 2083.15, 2092.45, 2080.61, 2091.54
08/13/15, 2086.19, 2092.93, 2078.26, 2083.39
08/12/15, 2081.10, 2089.06, 2052.09, 2086.05
08/11/15, 2102.66, 2102.66, 2076.49, 2084.07
08/10/15, 2080.98, 2105.35, 2080.98, 2104.18
08/07/15, 2082.61, 2082.61, 2067.91, 2077.57
08/06/15, 2100.75, 2103.32, 2075.53, 2083.56
08/05/15, 2095.27, 2112.66, 2095.27, 2099.84
08/04/15, 2097.68, 2102.51, 2088.60, 2093.32
08/03/15, 2104.49, 2105.70, 2087.31, 2098.04
07/31/15, 2111.60, 2114.24, 2102.07, 2103.84
07/30/15, 2106.78, 2110.48, 2094.97, 2108.63
07/29/15, 2094.70, 2110.60, 2094.08, 2108.57
07/28/15, 2070.75, 2095.60, 2069.09, 2093.25
07/27/15, 2078.19, 2078.19, 2063.52, 2067.64
07/24/15, 2102.24, 2106.01, 2077.09, 2079.65
07/23/15, 2114.16, 2116.87, 2098.63, 2102.15
07/22/15, 2118.21, 2118.51, 2110.00, 2114.15
07/21/15, 2127.55, 2128.49, 2115.40, 2119.21
07/20/15, 2126.85, 2132.82, 2123.65, 2128.28
07/17/15, 2126.80, 2128.91, 2119.88, 2126.64
07/16/15, 2110.55, 2124.42, 2110.55, 2124.29
07/15/15, 2109.01, 2114.14, 2102.49, 2107.40
07/14/15, 2099.72, 2111.98, 2098.18, 2108.95
07/13/15, 2080.03, 2100.67, 2080.03, 2099.60
07/10/15, 2052.74, 2081.31, 2052.74, 2076.62
07/09/15, 2049.73, 2074.28, 2049.73, 2051.31
07/08/15, 2077.66, 2077.66, 2044.66, 2046.68
07/07/15, 2069.52, 2083.74, 2044.02, 2081.34
07/06/15, 2073.95, 2078.61, 2058.40, 2068.76
07/02/15, 2078.03, 2085.06, 2071.02, 2076.78
07/01/15, 2067.00, 2082.78, 2067.00, 2077.42
06/30/15, 2061.19, 2074.28, 2056.32, 2063.11
06/29/15, 2098.63, 2098.63, 2056.64, 2057.64
06/26/15, 2102.62, 2108.92, 2095.38, 2101.49
06/25/15, 2109.96, 2116.04, 2101.78, 2102.31
06/24/15, 2123.65, 2125.10, 2108.58, 2108.58
06/23/15, 2123.16, 2128.03, 2119.89, 2124.20
06/22/15, 2112.50, 2129.87, 2112.50, 2122.85
06/19/15, 2121.06, 2121.64, 2109.45, 2109.99
06/18/15, 2101.58, 2126.65, 2101.58, 2121.24
06/17/15, 2097.40, 2106.79, 2088.86, 2100.44
06/16/15, 2084.26, 2097.40, 2082.10, 2096.29
06/15/15, 2091.34, 2091.34, 2072.49, 2084.43
06/12/15, 2107.43, 2107.43, 2091.33, 2094.11
06/11/15, 2106.24, 2115.02, 2106.24, 2108.86
06/10/15, 2081.12, 2108.50, 2081.12, 2105.20
06/09/15, 2079.07, 2085.62, 2072.14, 2080.15
06/08/15, 2092.34, 2093.01, 2079.11, 2079.28
06/05/15, 2095.09, 2100.99, 2085.67, 2092.83
06/04/15, 2112.35, 2112.89, 2093.23, 2095.84
06/03/15, 2110.64, 2121.92, 2109.61, 2114.07
06/02/15, 2110.41, 2117.59, 2099.14, 2109.60
06/01/15, 2108.64, 2119.15, 2102.54, 2111.73
05/29/15, 2120.66, 2120.66, 2104.89, 2107.39
05/28/15, 2122.27, 2122.27, 2112.86, 2120.79
05/27/15, 2105.13, 2126.22, 2105.13, 2123.48
05/26/15, 2125.34, 2125.34, 2099.18, 2104.20
05/22/15, 2130.36, 2132.15, 2126.06, 2126.06
05/21/15, 2125.55, 2134.28, 2122.95, 2130.82
05/20/15, 2127.79, 2134.72, 2122.59, 2125.85
05/19/15, 2129.45, 2133.02, 2124.50, 2127.83
05/18/15, 2121.30, 2131.78, 2120.01, 2129.20
05/15/15, 2122.07, 2123.89, 2116.79, 2122.73
05/14/15, 2100.43, 2121.45, 2100.43, 2121.10
05/13/15, 2099.62, 2110.19, 2096.04, 2098.48
05/12/15, 2102.87, 2105.06, 2085.57, 2099.12
05/11/15, 2115.56, 2117.69, 2104.58, 2105.33
05/08/15, 2092.13, 2117.66, 2092.13, 2116.10
05/07/15, 2079.96, 2092.90, 2074.99, 2088.00
05/06/15, 2091.26, 2098.42, 2067.93, 2080.15
05/05/15, 2112.63, 2115.24, 2088.46, 2089.46
05/04/15, 2110.23, 2120.95, 2110.23, 2114.49
05/01/15, 2087.38, 2108.41, 2087.38, 2108.29
04/30/15, 2105.52, 2105.52, 2077.59, 2085.51
04/29/15, 2112.49, 2113.65, 2097.41, 2106.85
04/28/15, 2108.35, 2116.09, 2094.89, 2114.76
04/27/15, 2119.29, 2125.92, 2107.04, 2108.92
04/24/15, 2112.80, 2120.92, 2112.80, 2117.69
04/23/15, 2107.21, 2120.49, 2103.19, 2112.93
04/22/15, 2098.27, 2109.98, 2091.05, 2107.96
04/21/15, 2102.82, 2109.64, 2094.38, 2097.29
04/20/15, 2084.11, 2103.94, 2084.11, 2100.40
04/17/15, 2102.58, 2102.58, 2072.37, 2081.18
04/16/15, 2105.96, 2111.30, 2100.02, 2104.99
04/15/15, 2097.82, 2111.91, 2097.82, 2106.63
04/14/15, 2092.28, 2098.62, 2083.24, 2095.84
04/13/15, 2102.03, 2107.65, 2092.33, 2092.43
04/10/15, 2091.51, 2102.61, 2091.51, 2102.06
04/09/15, 2081.29, 2093.31, 2074.29, 2091.18
04/08/15, 2076.94, 2086.69, 2073.30, 2081.90
04/07/15, 2080.79, 2089.81, 2076.10, 2076.33
04/06/15, 2064.87, 2086.99, 2056.52, 2080.62
04/02/15, 2060.03, 2072.17, 2057.32, 2066.96
04/01/15, 2067.63, 2067.63, 2048.38, 2059.69
03/31/15, 2084.05, 2084.05, 2067.04, 2067.89
03/30/15, 2064.11, 2088.97, 2064.11, 2086.24
03/27/15, 2055.78, 2062.83, 2052.96, 2061.02
03/26/15, 2059.94, 2067.15, 2045.50, 2056.15
03/25/15, 2093.10, 2097.43, 2061.05, 2061.05
03/24/15, 2103.94, 2107.63, 2091.50, 2091.50
03/23/15, 2107.99, 2114.86, 2104.42, 2104.42
03/20/15, 2090.32, 2113.92, 2090.32, 2108.10
03/19/15, 2098.69, 2098.69, 2085.56, 2089.27
03/18/15, 2072.84, 2106.85, 2061.23, 2099.50
03/17/15, 2080.59, 2080.59, 2065.08, 2074.28
03/16/15, 2055.35, 2081.41, 2055.35, 2081.19
03/13/15, 2064.56, 2064.56, 2041.17, 2053.40
03/12/15, 2041.10, 2066.41, 2041.10, 2065.95
03/11/15, 2044.69, 2050.08, 2039.69, 2040.24
03/10/15, 2076.14, 2076.14, 2044.16, 2044.16
03/09/15, 2072.25, 2083.49, 2072.21, 2079.43
03/06/15, 2100.91, 2100.91, 2067.27, 2071.26
03/05/15, 2098.54, 2104.25, 2095.22, 2101.04
03/04/15, 2107.72, 2107.72, 2087.62, 2098.53
03/03/15, 2115.76, 2115.76, 2098.26, 2107.78
03/02/15, 2105.23, 2117.52, 2104.50, 2117.39
02/27/15, 2110.88, 2112.74, 2103.75, 2104.50
02/26/15, 2113.91, 2113.91, 2103.76, 2110.74
02/25/15, 2115.30, 2119.59, 2109.89, 2113.86
02/24/15, 2109.10, 2117.94, 2105.87, 2115.48
02/23/15, 2109.83, 2110.05, 2103.00, 2109.66
02/20/15, 2097.65, 2110.61, 2085.44, 2110.30
02/19/15, 2099.25, 2102.13, 2090.79, 2097.45
02/18/15, 2099.16, 2100.23, 2092.15, 2099.68
02/17/15, 2096.47, 2101.30, 2089.80, 2100.34
02/13/15, 2088.78, 2097.03, 2086.70, 2096.99
02/12/15, 2069.98, 2088.53, 2069.98, 2088.48
02/11/15, 2068.55, 2073.48, 2057.99, 2068.53
02/10/15, 2049.38, 2070.86, 2048.62, 2068.59
02/09/15, 2053.47, 2056.16, 2041.88, 2046.74
02/06/15, 2062.28, 2072.40, 2049.97, 2055.47
02/05/15, 2043.45, 2063.55, 2043.45, 2062.52
02/04/15, 2048.86, 2054.74, 2036.72, 2041.51
02/03/15, 2022.71, 2050.30, 2022.71, 2050.03
02/02/15, 1996.67, 2021.66, 1980.90, 2020.85
01/30/15, 2019.35, 2023.32, 1993.38, 1994.99
01/29/15, 2002.45, 2024.64, 1989.18, 2021.25
01/28/15, 2032.34, 2042.49, 2001.49, 2002.16
01/27/15, 2047.86, 2047.86, 2019.91, 2029.55
01/26/15, 2050.42, 2057.62, 2040.97, 2057.09
01/23/15, 2062.98, 2062.98, 2050.54, 2051.82
01/22/15, 2034.30, 2064.62, 2026.38, 2063.15
01/21/15, 2020.19, 2038.29, 2012.04, 2032.12
01/20/15, 2020.76, 2028.94, 2004.49, 2022.55
01/16/15, 1992.25, 2020.46, 1988.12, 2019.42
01/15/15, 2013.75, 2021.35, 1991.47, 1992.67
01/14/15, 2018.40, 2018.40, 1988.44, 2011.27
01/13/15, 2031.58, 2056.93, 2008.25, 2023.03
01/12/15, 2046.13, 2049.30, 2022.58, 2028.26
01/09/15, 2063.45, 2064.43, 2038.33, 2044.81
01/08/15, 2030.61, 2064.08, 2030.61, 2062.14
01/07/15, 2005.55, 2029.61, 2005.55, 2025.90
01/06/15, 2022.15, 2030.25, 1992.44, 2002.61
01/05/15, 2054.44, 2054.44, 2017.34, 2020.58
01/02/15, 2058.90, 2072.36, 2046.04, 2058.20
12/31/14, 2082.11, 2085.58, 2057.94, 2058.90
12/30/14, 2088.49, 2088.49, 2079.53, 2080.35
12/29/14, 2087.63, 2093.55, 2085.75, 2090.57
12/26/14, 2084.30, 2092.70, 2084.30, 2088.77
12/24/14, 2083.25, 2087.56, 2081.86, 2081.88
12/23/14, 2081.48, 2086.73, 2079.77, 2082.17
12/22/14, 2069.28, 2078.76, 2069.28, 2078.54
12/19/14, 2061.04, 2077.85, 2061.03, 2070.65
12/18/14, 2018.98, 2061.23, 2018.98, 2061.23
12/17/14, 1973.77, 2016.75, 1973.77, 2012.89
12/16/14, 1986.71, 2016.89, 1972.56, 1972.74
12/15/14, 2005.03, 2018.69, 1982.26, 1989.63
12/12/14, 2030.36, 2032.25, 2002.33, 2002.33
12/11/14, 2027.92, 2055.53, 2027.92, 2035.33
12/10/14, 2058.86, 2058.86, 2024.26, 2026.14
12/09/14, 2056.55, 2060.60, 2034.17, 2059.82
12/08/14, 2074.84, 2075.78, 2054.27, 2060.31
12/05/14, 2072.78, 2079.47, 2070.81, 2075.37
12/04/14, 2073.64, 2077.34, 2062.34, 2071.92
12/03/14, 2067.45, 2076.28, 2066.65, 2074.33
12/02/14, 2053.77, 2068.77, 2053.77, 2066.55
12/01/14, 2065.78, 2065.78, 2049.57, 2053.44
11/28/14, 2074.78, 2075.76, 2065.06, 2067.56
11/26/14, 2067.36, 2073.29, 2066.62, 2072.83
11/25/14, 2070.15, 2074.21, 2064.75, 2067.03
11/24/14, 2065.07, 2070.17, 2065.07, 2069.41
11/21/14, 2057.46, 2071.46, 2056.75, 2063.50
11/20/14, 2045.87, 2053.84, 2040.49, 2052.75
11/19/14, 2051.16, 2052.14, 2040.37, 2048.72
11/18/14, 2041.48, 2056.08, 2041.48, 2051.80
11/17/14, 2038.29, 2043.07, 2034.46, 2041.32
11/14/14, 2039.74, 2042.22, 2035.20, 2039.82
11/13/14, 2039.21, 2046.18, 2030.44, 2039.33
11/12/14, 2037.75, 2040.33, 2031.95, 2038.25
11/11/14, 2038.20, 2041.28, 2035.28, 2039.68
11/10/14, 2032.01, 2038.70, 2030.17, 2038.26
11/07/14, 2032.36, 2034.26, 2025.07, 2031.92
11/06/14, 2023.33, 2031.61, 2015.86, 2031.21
11/05/14, 2015.29, 2023.77, 2014.42, 2023.57
11/04/14, 2015.81, 2015.98, 2001.01, 2012.10
11/03/14, 2018.21, 2024.46, 2013.68, 2017.81
10/31/14, 2001.20, 2018.19, 2001.20, 2018.05
10/30/14, 1979.49, 1999.40, 1974.75, 1994.65
10/29/14, 1983.29, 1991.40, 1969.04, 1982.30
10/28/14, 1964.14, 1985.05, 1964.14, 1985.05
10/27/14, 1962.97, 1964.64, 1951.37, 1961.63
10/24/14, 1951.59, 1965.27, 1946.27, 1964.58
10/23/14, 1931.02, 1961.95, 1931.02, 1950.82
10/22/14, 1941.29, 1949.31, 1926.83, 1927.11
10/21/14, 1909.38, 1942.45, 1909.38, 1941.28
10/20/14, 1885.62, 1905.03, 1882.30, 1904.01
10/17/14, 1864.91, 1898.16, 1864.91, 1886.76
10/16/14, 1855.95, 1876.01, 1835.02, 1862.76
10/15/14, 1874.18, 1874.18, 1820.66, 1862.49
10/14/14, 1877.11, 1898.71, 1871.79, 1877.70
10/13/14, 1905.65, 1912.09, 1874.14, 1874.74
10/10/14, 1925.63, 1936.98, 1906.05, 1906.13
10/09/14, 1967.68, 1967.68, 1927.56, 1928.21
10/08/14, 1935.55, 1970.36, 1925.25, 1968.89
10/07/14, 1962.36, 1962.36, 1934.87, 1935.10
10/06/14, 1970.01, 1977.84, 1958.43, 1964.82
10/03/14, 1948.12, 1971.19, 1948.12, 1967.90
10/02/14, 1945.83, 1952.32, 1926.03, 1946.17
10/01/14, 1971.44, 1971.44, 1941.72, 1946.16
09/30/14, 1978.21, 1985.17, 1968.96, 1972.29
09/29/14, 1978.96, 1981.28, 1964.04, 1977.80
09/26/14, 1966.22, 1986.37, 1966.22, 1982.85
09/25/14, 1997.32, 1997.32, 1965.99, 1965.99
09/24/14, 1983.34, 1999.79, 1978.63, 1998.30
09/23/14, 1992.78, 1995.41, 1982.77, 1982.77
09/22/14, 2009.08, 2009.08, 1991.01, 1994.29
09/19/14, 2012.74, 2019.26, 2006.59, 2010.40
09/18/14, 2003.07, 2012.34, 2003.07, 2011.36
09/17/14, 1999.30, 2010.74, 1993.29, 2001.57
09/16/14, 1981.93, 2002.28, 1979.06, 1998.98
09/15/14, 1986.04, 1987.18, 1978.48, 1984.13
09/12/14, 1996.74, 1996.74, 1980.26, 1985.54
09/11/14, 1992.85, 1997.65, 1985.93, 1997.45
09/10/14, 1988.41, 1996.66, 1982.99, 1995.69
09/09/14, 2000.73, 2001.01, 1984.61, 1988.44
09/08/14, 2007.17, 2007.17, 1995.60, 2001.54
09/05/14, 1998.00, 2007.71, 1990.10, 2007.71
09/04/14, 2001.67, 2011.17, 1992.54, 1997.65
09/03/14, 2003.57, 2009.28, 1998.14, 2000.72
09/02/14, 2004.07, 2006.12, 1994.85, 2002.28
08/29/14, 1998.45, 2003.38, 1994.65, 2003.37
08/28/14, 1997.42, 1998.55, 1990.52, 1996.74
08/27/14, 2000.54, 2002.14, 1996.20, 2000.12
08/26/14, 1998.59, 2005.04, 1998.59, 2000.02
08/25/14, 1991.74, 2001.95, 1991.74, 1997.92
08/22/14, 1992.60, 1993.54, 1984.76, 1988.40
08/21/14, 1986.82, 1994.76, 1986.82, 1992.37
08/20/14, 1980.46, 1988.57, 1977.68, 1986.51
08/19/14, 1972.73, 1982.57, 1972.73, 1981.60
08/18/14, 1958.36, 1971.99, 1958.36, 1971.74
08/15/14, 1958.87, 1964.04, 1941.50, 1955.06
08/14/14, 1947.41, 1955.23, 1947.41, 1955.18
08/13/14, 1935.60, 1948.41, 1935.60, 1946.72
08/12/14, 1935.73, 1939.65, 1928.29, 1933.75
08/11/14, 1933.43, 1944.90, 1933.43, 1936.92
08/08/14, 1910.35, 1932.38, 1909.01, 1931.59
08/07/14, 1923.03, 1928.89, 1904.78, 1909.57
08/06/14, 1917.29, 1927.91, 1911.45, 1920.24
08/05/14, 1936.34, 1936.34, 1913.77, 1920.21
08/04/14, 1926.62, 1942.92, 1921.20, 1938.99
08/01/14, 1929.80, 1937.35, 1916.37, 1925.15
07/31/14, 1965.14, 1965.14, 1930.67, 1930.67
07/30/14, 1973.21, 1978.90, 1962.42, 1970.07
07/29/14, 1980.03, 1984.85, 1969.95, 1969.95
07/28/14, 1978.25, 1981.52, 1967.31, 1978.91
07/25/14, 1984.60, 1984.60, 1974.37, 1978.34
07/24/14, 1988.07, 1991.39, 1985.79, 1987.98
07/23/14, 1985.32, 1989.23, 1982.44, 1987.01
07/22/14, 1975.65, 1986.24, 1975.65, 1983.53
07/21/14, 1976.93, 1976.93, 1965.77, 1973.63
07/18/14, 1961.54, 1979.91, 1960.82, 1978.22
07/17/14, 1979.75, 1981.80, 1955.59, 1958.12
07/16/14, 1976.35, 1983.94, 1975.67, 1981.57
07/15/14, 1977.36, 1982.52, 1965.34, 1973.28
07/14/14, 1969.86, 1979.85, 1969.86, 1977.10
07/11/14, 1965.76, 1968.67, 1959.63, 1967.57
07/10/14, 1966.67, 1969.84, 1952.86, 1964.68
07/09/14, 1965.10, 1974.15, 1965.10, 1972.83
07/08/14, 1976.39, 1976.39, 1959.46, 1963.71
07/07/14, 1984.22, 1984.22, 1974.88, 1977.65
07/03/14, 1975.88, 1985.59, 1975.88, 1985.44
07/02/14, 1973.06, 1976.67, 1972.58, 1974.62
07/01/14, 1962.29, 1978.58, 1962.29, 1973.32
06/30/14, 1960.79, 1964.24, 1958.22, 1960.23
06/27/14, 1956.56, 1961.47, 1952.18, 1960.96
06/26/14, 1959.89, 1959.89, 1944.69, 1957.22
06/25/14, 1949.27, 1960.83, 1947.49, 1959.53
06/24/14, 1961.97, 1968.17, 1948.34, 1949.98
06/23/14, 1962.92, 1963.74, 1958.89, 1962.61
06/20/14, 1960.45, 1963.91, 1959.17, 1962.87
06/19/14, 1957.50, 1959.87, 1952.26, 1959.48
06/18/14, 1942.73, 1957.74, 1939.29, 1956.98
06/17/14, 1937.15, 1943.69, 1933.55, 1941.99
06/16/14, 1934.84, 1941.15, 1930.91, 1937.78
06/13/14, 1930.80, 1937.30, 1927.69, 1936.16
06/12/14, 1943.35, 1943.35, 1925.78, 1930.11
06/11/14, 1949.37, 1949.37, 1940.08, 1943.89
06/10/14, 1950.34, 1950.86, 1944.64, 1950.79
06/09/14, 1948.97, 1955.55, 1947.16, 1951.27
06/06/14, 1942.41, 1949.44, 1942.41, 1949.44
06/05/14, 1928.52, 1941.74, 1922.93, 1940.46
06/04/14, 1923.06, 1928.63, 1918.60, 1927.88
06/03/14, 1923.07, 1925.07, 1918.79, 1924.24
06/02/14, 1923.87, 1925.88, 1915.98, 1924.97
05/30/14, 1920.33, 1924.03, 1916.64, 1923.57
05/29/14, 1910.60, 1920.03, 1909.82, 1920.03
05/28/14, 1911.77, 1914.46, 1907.30, 1909.78
05/27/14, 1902.01, 1912.28, 1902.01, 1911.91
05/23/14, 1893.32, 1901.26, 1893.32, 1900.53
05/22/14, 1888.19, 1896.33, 1885.39, 1892.49
05/21/14, 1873.34, 1888.80, 1873.34, 1888.03
05/20/14, 1884.88, 1884.88, 1868.14, 1872.83
05/19/14, 1876.66, 1886.00, 1872.42, 1885.08
05/16/14, 1871.19, 1878.28, 1864.82, 1877.86
05/15/14, 1888.16, 1888.16, 1862.36, 1870.85
05/14/14, 1897.13, 1897.13, 1885.77, 1888.53
05/13/14, 1896.75, 1902.17, 1896.06, 1897.45
05/12/14, 1880.03, 1897.13, 1880.03, 1896.65
05/09/14, 1875.27, 1878.57, 1867.02, 1878.48
05/08/14, 1877.39, 1889.07, 1870.05, 1875.63
05/07/14, 1868.53, 1878.83, 1859.79, 1878.21
05/06/14, 1883.69, 1883.69, 1867.72, 1867.72
05/05/14, 1879.45, 1885.51, 1866.77, 1884.66
05/02/14, 1885.30, 1891.33, 1878.50, 1881.14
05/01/14, 1884.39, 1888.59, 1878.04, 1883.68
04/30/14, 1877.10, 1885.20, 1872.69, 1883.95
04/29/14, 1870.78, 1880.60, 1870.78, 1878.33
04/28/14, 1865.00, 1877.01, 1850.61, 1869.43
04/25/14, 1877.72, 1877.72, 1859.70, 1863.40
04/24/14, 1881.97, 1884.06, 1870.24, 1878.61
04/23/14, 1879.32, 1879.75, 1873.91, 1875.39
04/22/14, 1872.57, 1884.89, 1872.57, 1879.55
04/21/14, 1865.79, 1871.89, 1863.18, 1871.89
04/17/14, 1861.73, 1869.63, 1856.72, 1864.85
04/16/14, 1846.01, 1862.31, 1846.01, 1862.31
04/15/14, 1831.45, 1844.02, 1816.29, 1842.98
04/14/14, 1818.18, 1834.19, 1815.80, 1830.61
04/11/14, 1830.65, 1835.07, 1814.36, 1815.69
04/10/14, 1872.28, 1872.53, 1830.87, 1833.08
04/09/14, 1852.64, 1872.43, 1852.38, 1872.18
04/08/14, 1845.48, 1854.95, 1837.49, 1851.96
04/07/14, 1863.92, 1864.04, 1841.48, 1845.04
04/04/14, 1890.25, 1897.28, 1863.26, 1865.09
04/03/14, 1891.43, 1893.80, 1882.65, 1888.77
04/02/14, 1886.61, 1893.17, 1883.79, 1890.90
04/01/14, 1873.96, 1885.84, 1873.96, 1885.52
03/31/14, 1859.16, 1875.18, 1859.16, 1872.34
03/28/14, 1850.07, 1866.63, 1850.07, 1857.62
03/27/14, 1852.11, 1855.55, 1842.11, 1849.04
03/26/14, 1867.09, 1875.92, 1852.56, 1852.56
03/25/14, 1859.48, 1871.87, 1855.96, 1865.62
03/24/14, 1867.67, 1873.34, 1849.69, 1857.44
03/21/14, 1874.53, 1883.97, 1863.46, 1866.52
03/20/14, 1860.09, 1873.49, 1854.63, 1872.01
03/19/14, 1872.25, 1874.14, 1850.35, 1860.77
03/18/14, 1858.92, 1873.76, 1858.92, 1872.25
03/17/14, 1842.81, 1862.30, 1842.81, 1858.83
03/14/14, 1845.07, 1852.44, 1839.57, 1841.13
03/13/14, 1869.06, 1874.40, 1841.86, 1846.34
03/12/14, 1866.15, 1868.38, 1854.38, 1868.20
03/11/14, 1878.26, 1882.35, 1863.88, 1867.63
03/10/14, 1877.86, 1877.87, 1867.04, 1877.17
03/07/14, 1878.52, 1883.57, 1870.56, 1878.04
03/06/14, 1874.18, 1881.94, 1874.18, 1877.03
03/05/14, 1874.05, 1876.53, 1871.11, 1873.81
03/04/14, 1849.23, 1876.23, 1849.23, 1873.91
03/03/14, 1857.68, 1857.68, 1834.44, 1845.73
02/28/14, 1855.12, 1867.92, 1847.67, 1859.45
02/27/14, 1844.90, 1854.53, 1841.13, 1854.29
02/26/14, 1845.79, 1852.65, 1840.66, 1845.16
02/25/14, 1847.66, 1852.91, 1840.19, 1845.12
02/24/14, 1836.78, 1858.71, 1836.78, 1847.61
02/21/14, 1841.07, 1846.13, 1835.60, 1836.25
02/20/14, 1829.24, 1842.79, 1824.58, 1839.78
02/19/14, 1838.90, 1847.50, 1826.99, 1828.75
02/18/14, 1839.03, 1842.87, 1835.01, 1840.76
02/14/14, 1828.46, 1841.65, 1825.59, 1838.63
02/13/14, 1814.82, 1830.25, 1809.22, 1829.83
02/12/14, 1820.12, 1826.55, 1815.97, 1819.26
02/11/14, 1800.45, 1823.54, 1800.41, 1819.75
02/10/14, 1796.20, 1799.94, 1791.83, 1799.84
02/07/14, 1776.01, 1798.03, 1776.01, 1797.02
02/06/14, 1752.99, 1774.06, 1752.99, 1773.43
02/05/14, 1753.38, 1755.79, 1737.92, 1751.64
02/04/14, 1743.82, 1758.73, 1743.82, 1755.20
02/03/14, 1782.68, 1784.83, 1739.66, 1741.89
01/31/14, 1790.88, 1793.88, 1772.26, 1782.59
01/30/14, 1777.17, 1798.77, 1777.17, 1794.19
01/29/14, 1790.15, 1790.15, 1770.45, 1774.20
01/28/14, 1783.00, 1793.87, 1779.49, 1792.50
01/27/14, 1791.03, 1795.98, 1772.88, 1781.56
01/24/14, 1826.96, 1826.96, 1790.29, 1790.29
01/23/14, 1842.29, 1842.29, 1820.06, 1828.46
01/22/14, 1844.71, 1846.87, 1840.88, 1844.86
01/21/14, 1841.05, 1849.31, 1832.38, 1843.80
01/17/14, 1844.23, 1846.04, 1835.23, 1838.70
01/16/14, 1847.99, 1847.99, 1840.30, 1845.89
01/15/14, 1840.52, 1850.84, 1840.52, 1848.38
01/14/14, 1821.36, 1839.26, 1821.36, 1838.88
01/13/14, 1841.26, 1843.45, 1815.52, 1819.20
01/10/14, 1840.06, 1843.15, 1832.43, 1842.37
01/09/14, 1839.00, 1843.23, 1830.38, 1838.13
01/08/14, 1837.90, 1840.02, 1831.40, 1837.49
01/07/14, 1828.71, 1840.10, 1828.71, 1837.88
01/06/14, 1832.31, 1837.16, 1823.73, 1826.77
01/03/14, 1833.21, 1838.24, 1829.13, 1831.37
01/02/14, 1845.86, 1845.86, 1827.74, 1831.98
12/31/13, 1842.61, 1849.44, 1842.41, 1848.36
12/30/13, 1841.47, 1842.47, 1838.77, 1841.07
12/27/13, 1842.97, 1844.89, 1839.81, 1841.40
12/26/13, 1834.96, 1842.84, 1834.96, 1842.02
12/24/13, 1828.02, 1833.32, 1828.02, 1833.32
12/23/13, 1822.92, 1829.75, 1822.92, 1827.99
12/20/13, 1810.39, 1823.75, 1810.25, 1818.32
12/19/13, 1809.00, 1810.88, 1801.35, 1809.60
12/18/13, 1781.46, 1811.08, 1767.99, 1810.65
12/17/13, 1786.47, 1786.77, 1777.05, 1781.00
12/16/13, 1777.48, 1792.22, 1777.48, 1786.54
12/13/13, 1777.98, 1780.92, 1772.45, 1775.32
12/12/13, 1781.71, 1782.99, 1772.28, 1775.50
12/11/13, 1802.76, 1802.97, 1780.09, 1782.22
12/10/13, 1807.60, 1808.52, 1801.75, 1802.62
12/09/13, 1806.21, 1811.52, 1806.21, 1808.37
12/06/13, 1788.36, 1806.04, 1788.36, 1805.09
12/05/13, 1792.82, 1792.82, 1783.38, 1785.03
12/04/13, 1793.15, 1799.80, 1779.09, 1792.81
12/03/13, 1800.10, 1800.10, 1787.85, 1795.15
12/02/13, 1806.55, 1810.02, 1798.60, 1800.90
11/29/13, 1808.69, 1813.55, 1803.98, 1805.81
11/27/13, 1803.48, 1808.27, 1802.77, 1807.23
11/26/13, 1802.87, 1808.42, 1800.77, 1802.75
11/25/13, 1806.33, 1808.10, 1800.58, 1802.48
11/22/13, 1797.21, 1804.84, 1794.70, 1804.76
11/21/13, 1783.52, 1797.16, 1783.52, 1795.85
11/20/13, 1789.59, 1795.73, 1777.23, 1781.37
11/19/13, 1790.79, 1795.51, 1784.72, 1787.87
11/18/13, 1798.82, 1802.33, 1788.00, 1791.53
11/15/13, 1790.66, 1798.22, 1790.66, 1798.18
11/14/13, 1782.75, 1791.53, 1780.22, 1790.62
11/13/13, 1764.37, 1782.00, 1760.64, 1782.00
11/12/13, 1769.51, 1771.78, 1762.29, 1767.69
11/11/13, 1769.96, 1773.44, 1767.85, 1771.89
11/08/13, 1748.37, 1770.78, 1747.63, 1770.61
11/07/13, 1770.74, 1774.54, 1746.20, 1747.15
11/06/13, 1765.00, 1773.74, 1764.40, 1770.49
11/05/13, 1765.67, 1767.03, 1755.76, 1762.97
11/04/13, 1763.40, 1768.78, 1761.56, 1767.93
11/01/13, 1758.70, 1765.67, 1752.70, 1761.64
10/31/13, 1763.24, 1768.53, 1755.72, 1756.54
10/30/13, 1772.27, 1775.22, 1757.24, 1763.31
10/29/13, 1762.93, 1772.09, 1762.93, 1771.95
10/28/13, 1759.42, 1764.99, 1757.67, 1762.11
10/25/13, 1756.01, 1759.82, 1752.45, 1759.77
10/24/13, 1747.48, 1753.94, 1745.50, 1752.07
10/23/13, 1752.27, 1752.27, 1740.50, 1746.38
10/22/13, 1746.48, 1759.33, 1746.48, 1754.67
10/21/13, 1745.20, 1747.79, 1740.67, 1744.66
10/18/13, 1736.72, 1745.31, 1735.74, 1744.50
10/17/13, 1720.17, 1733.45, 1714.12, 1733.15
10/16/13, 1700.49, 1721.76, 1700.49, 1721.54
10/15/13, 1709.17, 1711.57, 1695.93, 1698.06
10/14/13, 1699.86, 1711.03, 1692.13, 1710.14
10/11/13, 1691.09, 1703.44, 1688.52, 1703.20
10/10/13, 1660.88, 1692.56, 1660.88, 1692.56
10/09/13, 1656.99, 1662.47, 1646.47, 1656.40
10/08/13, 1676.22, 1676.79, 1655.03, 1655.45
10/07/13, 1687.15, 1687.15, 1674.70, 1676.12
10/04/13, 1678.79, 1691.94, 1677.33, 1690.50
10/03/13, 1692.35, 1692.35, 1670.36, 1678.66
10/02/13, 1691.90, 1693.87, 1680.34, 1693.87
10/01/13, 1682.41, 1696.55, 1682.07, 1695.00
09/30/13, 1687.26, 1687.26, 1674.99, 1681.55
09/27/13, 1695.52, 1695.52, 1687.11, 1691.75
09/26/13, 1694.05, 1703.85, 1693.11, 1698.67
09/25/13, 1698.02, 1701.71, 1691.88, 1692.77
09/24/13, 1702.60, 1707.63, 1694.90, 1697.42
09/23/13, 1711.44, 1711.44, 1697.10, 1701.84
09/20/13, 1722.44, 1725.23, 1708.89, 1709.91
09/19/13, 1727.34, 1729.86, 1720.20, 1722.34
09/18/13, 1705.74, 1729.44, 1700.35, 1725.52
09/17/13, 1697.73, 1705.52, 1697.73, 1704.76
09/16/13, 1691.70, 1704.95, 1691.70, 1697.60
09/13/13, 1685.04, 1688.73, 1682.22, 1687.99
09/12/13, 1689.21, 1689.97, 1681.96, 1683.42
09/11/13, 1681.04, 1689.13, 1678.70, 1689.13
09/10/13, 1674.32, 1684.09, 1674.32, 1683.99
09/09/13, 1656.85, 1672.40, 1656.85, 1671.71
09/06/13, 1657.44, 1664.83, 1640.62, 1655.17
09/05/13, 1653.28, 1659.17, 1653.07, 1655.08
09/04/13, 1640.72, 1655.72, 1637.41, 1653.08
09/03/13, 1635.95, 1651.35, 1633.41, 1639.77
08/30/13, 1638.89, 1640.08, 1628.05, 1632.97
08/29/13, 1633.50, 1646.41, 1630.88, 1638.17
08/28/13, 1630.25, 1641.18, 1627.47, 1634.96
08/27/13, 1652.54, 1652.54, 1629.05, 1630.48
08/26/13, 1664.29, 1669.51, 1656.02, 1656.78
08/23/13, 1659.92, 1664.85, 1654.81, 1663.50
08/22/13, 1645.03, 1659.55, 1645.03, 1656.96
08/21/13, 1650.66, 1656.99, 1639.43, 1642.80
08/20/13, 1646.81, 1658.92, 1646.08, 1652.35
08/19/13, 1655.25, 1659.18, 1645.84, 1646.06
08/16/13, 1661.22, 1663.60, 1652.61, 1655.83
08/15/13, 1679.61, 1679.61, 1658.59, 1661.32
08/14/13, 1693.88, 1695.52, 1684.83, 1685.39
08/13/13, 1690.65, 1696.81, 1682.62, 1694.16
08/12/13, 1688.37, 1691.49, 1683.35, 1689.47
08/09/13, 1696.10, 1699.42, 1686.02, 1691.42
08/08/13, 1693.35, 1700.18, 1688.38, 1697.48
08/07/13, 1695.30, 1695.30, 1684.91, 1690.91
08/06/13, 1705.79, 1705.79, 1693.29, 1697.37
08/05/13, 1708.01, 1709.24, 1703.55, 1707.14
08/02/13, 1706.10, 1709.67, 1700.68, 1709.67
08/01/13, 1689.42, 1707.85, 1689.42, 1706.87
07/31/13, 1687.76, 1698.43, 1684.94, 1685.73
07/30/13, 1687.92, 1693.19, 1682.42, 1685.96
07/29/13, 1690.32, 1690.92, 1681.86, 1685.33
07/26/13, 1687.31, 1691.85, 1676.03, 1691.65
07/25/13, 1685.21, 1690.94, 1680.07, 1690.25
07/24/13, 1696.06, 1698.38, 1682.57, 1685.94
07/23/13, 1696.63, 1698.78, 1691.13, 1692.39
07/22/13, 1694.41, 1697.61, 1690.67, 1695.53
07/19/13, 1686.15, 1692.09, 1684.08, 1692.09
07/18/13, 1681.05, 1693.12, 1681.05, 1689.37
07/17/13, 1677.91, 1684.75, 1677.91, 1680.91
07/16/13, 1682.70, 1683.73, 1671.84, 1676.26
07/15/13, 1679.59, 1684.51, 1677.89, 1682.50
07/12/13, 1675.26, 1680.19, 1672.33, 1680.19
07/11/13, 1657.41, 1676.63, 1657.41, 1675.02
07/10/13, 1651.56, 1657.92, 1647.66, 1652.62
07/09/13, 1642.89, 1654.18, 1642.89, 1652.32
07/08/13, 1634.20, 1644.68, 1634.20, 1640.46
07/05/13, 1618.65, 1632.07, 1614.71, 1631.89
07/03/13, 1611.48, 1618.97, 1604.57, 1615.41
07/02/13, 1614.29, 1624.26, 1606.77, 1614.08
07/01/13, 1609.78, 1626.61, 1609.78, 1614.96
06/28/13, 1611.12, 1615.94, 1601.06, 1606.28
06/27/13, 1606.44, 1620.07, 1606.44, 1613.20
06/26/13, 1592.27, 1606.83, 1592.27, 1603.26
06/25/13, 1577.52, 1593.79, 1577.09, 1588.03
06/24/13, 1588.77, 1588.77, 1560.33, 1573.09
06/21/13, 1588.62, 1599.19, 1577.70, 1592.43
06/20/13, 1624.62, 1624.62, 1584.32, 1588.19
06/19/13, 1651.83, 1652.45, 1628.91, 1628.93
06/18/13, 1639.77, 1654.19, 1639.77, 1651.81
06/17/13, 1630.64, 1646.50, 1630.34, 1639.04
06/14/13, 1635.52, 1640.80, 1623.96, 1626.73
06/13/13, 1612.15, 1639.25, 1608.07, 1636.36
06/12/13, 1629.94, 1637.71, 1610.92, 1612.52
06/11/13, 1638.64, 1640.13, 1622.92, 1626.13
06/10/13, 1644.67, 1648.69, 1639.26, 1642.81
06/07/13, 1625.27, 1644.40, 1625.27, 1643.38
06/06/13, 1609.29, 1622.56, 1598.23, 1622.56
06/05/13, 1629.05, 1629.31, 1607.09, 1608.90
06/04/13, 1640.73, 1646.53, 1623.62, 1631.38
06/03/13, 1631.71, 1640.42, 1622.72, 1640.42
05/31/13, 1652.13, 1658.99, 1630.74, 1630.74
05/30/13, 1649.14, 1661.91, 1648.61, 1654.41
05/29/13, 1656.57, 1656.57, 1640.05, 1648.36
05/28/13, 1652.63, 1674.21, 1652.63, 1660.06
05/24/13, 1646.67, 1649.78, 1636.88, 1649.60
05/23/13, 1651.62, 1655.50, 1635.53, 1650.51
05/22/13, 1669.39, 1687.18, 1648.86, 1655.35
05/21/13, 1666.20, 1674.93, 1662.67, 1669.16
05/20/13, 1665.71, 1672.84, 1663.52, 1666.29
05/17/13, 1652.45, 1667.47, 1652.45, 1667.47
05/16/13, 1658.07, 1660.51, 1648.60, 1650.47
05/15/13, 1649.13, 1661.49, 1646.68, 1658.78
05/14/13, 1633.75, 1651.10, 1633.75, 1650.34
05/13/13, 1632.10, 1636.00, 1626.74, 1633.77
05/10/13, 1626.69, 1633.70, 1623.71, 1633.70
05/09/13, 1632.69, 1635.01, 1623.09, 1626.67
05/08/13, 1625.95, 1632.78, 1622.70, 1632.69
05/07/13, 1617.55, 1626.03, 1616.64, 1625.96
05/06/13, 1614.40, 1619.77, 1614.21, 1617.50
05/03/13, 1597.60, 1618.46, 1597.60, 1614.42
05/02/13, 1582.77, 1598.60, 1582.77, 1597.59
05/01/13, 1597.55, 1597.55, 1581.28, 1582.70
04/30/13, 1593.58, 1597.57, 1586.50, 1597.57
04/29/13, 1582.34, 1596.65, 1582.34, 1593.61
04/26/13, 1585.16, 1585.78, 1577.56, 1582.24
04/25/13, 1578.93, 1592.64, 1578.93, 1585.16
04/24/13, 1578.78, 1583.00, 1575.80, 1578.79
04/23/13, 1562.50, 1579.58, 1562.50, 1578.78
04/22/13, 1555.25, 1565.55, 1548.19, 1562.50
04/19/13, 1541.61, 1555.89, 1539.40, 1555.25
04/18/13, 1552.03, 1554.38, 1536.03, 1541.61
04/17/13, 1574.57, 1574.57, 1543.69, 1552.01
04/16/13, 1552.36, 1575.35, 1552.36, 1574.57
04/15/13, 1588.84, 1588.84, 1552.28, 1552.36
04/12/13, 1593.30, 1593.30, 1579.97, 1588.85
04/11/13, 1587.73, 1597.35, 1586.17, 1593.37
04/10/13, 1568.61, 1589.07, 1568.61, 1587.73
04/09/13, 1563.11, 1573.89, 1560.92, 1568.61
04/08/13, 1553.26, 1563.07, 1548.63, 1563.07
04/05/13, 1559.98, 1559.98, 1539.50, 1553.28
04/04/13, 1553.69, 1562.60, 1552.52, 1559.98
04/03/13, 1570.25, 1571.47, 1549.80, 1553.69
04/02/13, 1562.17, 1573.66, 1562.17, 1570.25
04/01/13, 1569.18, 1570.57, 1558.47, 1562.17
03/28/13, 1562.86, 1570.28, 1561.08, 1569.19
03/27/13, 1563.75, 1564.07, 1551.90, 1562.85
03/26/13, 1551.69, 1563.95, 1551.69, 1563.77
03/25/13, 1556.89, 1564.91, 1546.22, 1551.69
03/22/13, 1545.90, 1557.74, 1545.90, 1556.89
03/21/13, 1558.71, 1558.71, 1543.55, 1545.80
03/20/13, 1548.34, 1561.56, 1548.34, 1558.71
03/19/13, 1552.10, 1557.25, 1538.57, 1548.34
03/18/13, 1560.70, 1560.70, 1545.13, 1552.10
03/15/13, 1563.21, 1563.62, 1555.74, 1560.70
03/14/13, 1554.52, 1563.32, 1554.52, 1563.23
03/13/13, 1552.48, 1556.39, 1548.25, 1554.52
03/12/13, 1556.22, 1556.77, 1548.24, 1552.48
03/11/13, 1551.15, 1556.27, 1547.36, 1556.22
03/08/13, 1544.26, 1552.48, 1542.94, 1551.18
03/07/13, 1541.46, 1545.78, 1541.46, 1544.26
03/06/13, 1539.79, 1545.25, 1538.11, 1541.46
03/05/13, 1525.20, 1543.47, 1525.20, 1539.79
03/04/13, 1518.20, 1525.27, 1512.29, 1525.20
03/01/13, 1514.68, 1519.99, 1501.48, 1518.20
02/28/13, 1515.99, 1525.34, 1514.46, 1514.68
02/27/13, 1496.94, 1520.08, 1494.88, 1515.99
02/26/13, 1487.85, 1498.99, 1485.01, 1496.94
02/25/13, 1515.60, 1525.84, 1487.85, 1487.85
02/22/13, 1502.42, 1515.64, 1502.42, 1515.60
02/21/13, 1511.95, 1511.95, 1497.29, 1502.42
02/20/13, 1530.94, 1530.94, 1511.41, 1511.95
02/19/13, 1519.79, 1530.94, 1519.79, 1530.94
02/15/13, 1521.38, 1524.24, 1514.14, 1519.79
02/14/13, 1520.33, 1523.14, 1514.02, 1521.38
02/13/13, 1519.43, 1524.69, 1515.93, 1520.33
02/12/13, 1517.01, 1522.29, 1515.61, 1519.43
02/11/13, 1517.93, 1518.31, 1513.61, 1517.01
02/08/13, 1509.39, 1518.31, 1509.39, 1517.93
02/07/13, 1512.12, 1512.90, 1498.49, 1509.39
02/06/13, 1511.29, 1512.53, 1504.71, 1512.12
02/05/13, 1495.71, 1514.96, 1495.71, 1511.29
02/04/13, 1513.17, 1513.17, 1495.02, 1495.71
02/01/13, 1498.11, 1514.41, 1498.11, 1513.17
01/31/13, 1501.96, 1504.19, 1496.76, 1498.11
01/30/13, 1507.84, 1509.94, 1500.11, 1501.96
01/29/13, 1500.18, 1509.35, 1498.09, 1507.84
01/28/13, 1502.96, 1503.23, 1496.33, 1500.18
01/25/13, 1494.82, 1503.26, 1494.82, 1502.96
01/24/13, 1494.81, 1502.27, 1489.46, 1494.82
01/23/13, 1492.56, 1496.13, 1489.90, 1494.81
01/22/13, 1485.98, 1492.56, 1481.16, 1492.56
01/18/13, 1480.95, 1485.98, 1475.81, 1485.98
01/17/13, 1472.63, 1485.16, 1472.63, 1480.94
01/16/13, 1472.33, 1473.96, 1467.60, 1472.63
01/15/13, 1470.67, 1473.31, 1463.76, 1472.34
01/14/13, 1472.05, 1472.05, 1465.69, 1470.68
01/11/13, 1472.12, 1472.75, 1467.58, 1472.05
01/10/13, 1461.02, 1472.30, 1461.02, 1472.12
01/09/13, 1457.15, 1464.73, 1457.15, 1461.02
01/08/13, 1461.89, 1461.89, 1451.64, 1457.15
01/07/13, 1466.47, 1466.47, 1456.62, 1461.89
01/04/13, 1459.37, 1467.94, 1458.99, 1466.47
01/03/13, 1462.42, 1465.47, 1455.53, 1459.37
01/02/13, 1426.19, 1462.43, 1426.19, 1462.42
12/31/12, 1402.43, 1426.74, 1398.11, 1426.19
12/28/12, 1418.10, 1418.10, 1401.58, 1402.43
12/27/12, 1419.83, 1422.80, 1401.80, 1418.10
12/26/12, 1426.66, 1429.42, 1416.43, 1419.83
12/24/12, 1430.15, 1430.15, 1424.66, 1426.66
12/21/12, 1443.67, 1443.67, 1422.58, 1430.15
12/20/12, 1435.81, 1443.70, 1432.82, 1443.69
12/19/12, 1446.79, 1447.75, 1435.80, 1435.81
12/18/12, 1430.47, 1448.00, 1430.47, 1446.79
12/17/12, 1413.54, 1430.67, 1413.54, 1430.36
12/14/12, 1419.45, 1419.45, 1411.88, 1413.58
12/13/12, 1428.48, 1431.36, 1416.00, 1419.45
12/12/12, 1427.84, 1438.59, 1426.76, 1428.48
12/11/12, 1418.55, 1434.27, 1418.55, 1427.84
12/10/12, 1418.07, 1421.64, 1415.64, 1418.55
12/07/12, 1413.95, 1420.34, 1410.90, 1418.07
12/06/12, 1409.43, 1413.95, 1405.93, 1413.94
12/05/12, 1407.05, 1415.56, 1398.23, 1409.28
12/04/12, 1409.46, 1413.14, 1403.65, 1407.05
12/03/12, 1416.34, 1423.73, 1408.46, 1409.46
11/30/12, 1415.95, 1418.86, 1411.63, 1416.18
11/29/12, 1409.96, 1419.70, 1409.04, 1415.95
11/28/12, 1398.77, 1410.31, 1385.43, 1409.93
11/27/12, 1406.29, 1409.01, 1398.03, 1398.94
11/26/12, 1409.15, 1409.15, 1397.68, 1406.29
11/23/12, 1391.03, 1409.16, 1391.03, 1409.15
11/21/12, 1387.79, 1391.25, 1386.39, 1391.03
11/20/12, 1386.82, 1389.77, 1377.04, 1387.81
11/19/12, 1359.88, 1386.89, 1359.88, 1386.89
11/16/12, 1353.36, 1362.03, 1343.35, 1359.88
11/15/12, 1355.41, 1360.62, 1348.05, 1353.33
11/14/12, 1374.64, 1380.13, 1352.50, 1355.49
11/13/12, 1380.03, 1388.81, 1371.39, 1374.53
11/12/12, 1379.86, 1384.87, 1377.19, 1380.03
11/09/12, 1377.55, 1391.39, 1373.03, 1379.85
11/08/12, 1394.53, 1401.23, 1377.51, 1377.51
11/07/12, 1428.27, 1428.27, 1388.14, 1394.53
11/06/12, 1417.26, 1433.38, 1417.26, 1428.39
11/05/12, 1414.02, 1419.90, 1408.13, 1417.26
11/02/12, 1427.59, 1434.27, 1412.91, 1414.20
11/01/12, 1410.99, 1427.59, 1427.59, 1427.59
10/31/12, 1410.99, 1418.76, 1405.95, 1412.16
10/26/12, 1412.97, 1417.09, 1403.28, 1411.94
10/25/12, 1409.74, 1421.12, 1405.14, 1412.97
10/24/12, 1413.20, 1420.04, 1407.10, 1408.75
10/23/12, 1433.74, 1433.74, 1407.56, 1413.11
10/22/12, 1433.21, 1435.46, 1422.06, 1433.82
10/19/12, 1457.34, 1457.34, 1429.85, 1433.19
10/18/12, 1460.94, 1464.02, 1452.63, 1457.34
10/17/12, 1454.22, 1462.20, 1453.35, 1460.91
10/16/12, 1440.31, 1455.51, 1440.31, 1454.92
10/15/12, 1428.75, 1441.31, 1427.24, 1440.13
10/12/12, 1432.84, 1438.43, 1425.53, 1428.59
10/11/12, 1432.82, 1443.90, 1432.82, 1432.84
10/10/12, 1441.48, 1442.52, 1430.64, 1432.56
10/09/12, 1455.90, 1455.90, 1441.18, 1441.48
10/08/12, 1460.93, 1460.93, 1453.10, 1455.88
10/05/12, 1461.40, 1470.96, 1456.89, 1460.93
10/04/12, 1451.08, 1463.14, 1451.08, 1461.40
10/03/12, 1446.05, 1454.30, 1441.99, 1450.99
10/02/12, 1444.99, 1451.52, 1439.01, 1445.75
10/01/12, 1440.90, 1457.14, 1440.90, 1444.49
09/28/12, 1447.13, 1447.13, 1435.60, 1440.67
09/27/12, 1433.36, 1450.20, 1433.36, 1447.15
09/26/12, 1441.60, 1441.60, 1430.53, 1433.32
09/25/12, 1456.94, 1463.24, 1441.59, 1441.59
09/24/12, 1459.76, 1460.72, 1452.06, 1456.89
09/21/12, 1460.34, 1467.07, 1459.51, 1460.15
09/20/12, 1461.05, 1461.23, 1449.98, 1460.26
09/19/12, 1459.50, 1465.15, 1457.88, 1461.05
09/18/12, 1461.19, 1461.47, 1456.13, 1459.32
09/17/12, 1465.42, 1465.63, 1457.55, 1461.19
09/14/12, 1460.07, 1474.51, 1460.07, 1465.77
09/13/12, 1436.56, 1463.76, 1435.34, 1459.99
09/12/12, 1433.56, 1439.15, 1432.99, 1436.56
09/11/12, 1429.13, 1437.76, 1429.13, 1433.56
09/10/12, 1437.92, 1438.74, 1428.98, 1429.08
09/07/12, 1432.12, 1437.92, 1431.45, 1437.92
09/06/12, 1403.74, 1432.12, 1403.74, 1432.12
09/05/12, 1404.94, 1408.81, 1401.25, 1403.44
09/04/12, 1406.54, 1409.31, 1396.56, 1404.94
08/31/12, 1400.07, 1413.09, 1398.96, 1406.58
08/30/12, 1410.08, 1410.08, 1397.01, 1399.48
08/29/12, 1409.32, 1413.95, 1406.57, 1410.49
08/28/12, 1410.44, 1413.63, 1405.59, 1409.30
08/27/12, 1411.13, 1416.17, 1409.11, 1410.44
08/24/12, 1401.99, 1413.46, 1398.04, 1411.13
08/23/12, 1413.49, 1413.49, 1400.50, 1402.08
08/22/12, 1413.09, 1416.12, 1406.78, 1413.49
08/21/12, 1418.13, 1426.68, 1410.86, 1413.17
08/20/12, 1417.85, 1418.13, 1412.12, 1418.13
08/17/12, 1415.84, 1418.71, 1414.67, 1418.16
08/16/12, 1405.57, 1417.44, 1404.15, 1415.51
08/15/12, 1403.89, 1407.73, 1401.83, 1405.53
08/14/12, 1404.36, 1410.03, 1400.60, 1403.93
08/13/12, 1405.87, 1405.87, 1397.32, 1404.11
08/10/12, 1402.58, 1405.98, 1395.62, 1405.87
08/09/12, 1402.26, 1405.95, 1398.80, 1402.80
08/08/12, 1401.23, 1404.14, 1396.13, 1402.22
08/07/12, 1394.46, 1407.14, 1394.46, 1401.35
08/06/12, 1391.04, 1399.63, 1391.04, 1394.23
08/03/12, 1365.45, 1394.16, 1365.45, 1390.99
08/02/12, 1375.13, 1375.13, 1354.65, 1365.00
08/01/12, 1379.32, 1385.03, 1373.35, 1375.14
07/31/12, 1385.27, 1387.16, 1379.17, 1379.32